1461244097.01995 0 0 0 0 0 0 1
1461244097.299 -0.0287184285304813 -0.0746031883593767 -0.0325134714282181 0.0175514036952796 0.0268863428791264 -0.0531811360762655 0.998068554539491
1461244097.45783 -0.0766866429161501 -0.120586564426896 -0.0457512486816994 0.0126775152491982 0.023894827972372 -0.0880805914345218 0.995746015415488
1461244097.57785 -0.123439803375041 -0.160916100867538 -0.0529156522152624 0.0140100607709238 0.0117975401093216 -0.108335168750311 0.993945686371446
1461244097.69777 -0.171604873029921 -0.203653966251213 -0.0584386086679166 0.0220969978107486 -0.00572886860276699 -0.132104241903434 0.99097294212476
1461244097.81992 -0.215213677965445 -0.240187874994911 -0.061231169598497 0.0240746956610645 -0.0238864189577686 -0.148932389687069 0.988265648153522
1461244097.97788 -0.270049086609826 -0.283694421936667 -0.0665105136628063 0.031497603909011 -0.0462876992504501 -0.148231912196442 0.98736652265138
1461244098.0978 -0.318412216206894 -0.305700358088399 -0.0767898205943786 0.0327095313881012 -0.0792756151690209 -0.159994161110177 0.983385647549625
1461244098.21985 -0.370116390709856 -0.324519020147117 -0.0947823110105833 0.0332362460862092 -0.108160465324484 -0.186579591368499 0.975902004184668
1461244098.33775 -0.421247820618149 -0.348808467383195 -0.123861247286776 0.0452904452729976 -0.130585397560699 -0.214067913390551 0.966990774499686
1461244098.49779 -0.494684450515791 -0.378117198701459 -0.176773361223286 0.0498708432666115 -0.160747106372442 -0.222594158569825 0.960273454467713
1461244098.61993 -0.556749550529582 -0.404450057445882 -0.21988644513522 0.0602577384166074 -0.179266925053849 -0.208012353669317 0.959668294393227
1461244098.73767 -0.618672221937691 -0.427306833122053 -0.261980564482038 0.064062063036883 -0.195569106865202 -0.186908657840945 0.960579996743375
1461244098.89778 -0.696767280403389 -0.454182953212809 -0.318443652112421 0.0567601526018175 -0.222206146374058 -0.180548863654765 0.956454296567892
1461244099.05778 -0.776725814803663 -0.487579122504828 -0.368975900125248 0.075474347300846 -0.242338978313323 -0.157350355668297 0.954366967188527
1461244099.21993 -0.859426871369995 -0.523600239928862 -0.413136462167125 0.092311403302573 -0.234984534995982 -0.1481902392608 0.956190632730136
1461244099.33772 -0.924200264227544 -0.553030490188283 -0.448094174485885 0.10119759334728 -0.206867729126807 -0.135730257298492 0.963608886945488
1461244099.45774 -1.01032860961789 -0.58463817772799 -0.490398254107924 0.116590511187814 -0.218211195388882 -0.132274636395342 0.959840584406806
1461244099.57832 -1.09699026469368 -0.625810295353552 -0.535423617545086 0.12417519090635 -0.237255193195048 -0.118099208072776 0.956212880230096
1461244099.69768 -1.17314790260218 -0.674572583295744 -0.581432175215526 0.147880471751524 -0.238533564692463 -0.0865662829725531 0.955897161436297
1461244099.81961 -1.2405413306293 -0.711803817397965 -0.632273040932134 0.163039068633407 -0.248543389449722 -0.0757265848555169 0.951793007962401
1461244099.93943 -1.30416811674222 -0.742230338765137 -0.690976837556757 0.183729290508165 -0.259559677591823 -0.0759011351507114 0.945045681044376
1461244100.05829 -1.36685548885462 -0.770817303599536 -0.75782429809265 0.215741479772149 -0.277047686077869 -0.0572527662503111 0.934570657736112
1461244100.21946 -1.43742930450417 -0.797799274212803 -0.845050305555391 0.230494580215845 -0.279489904192211 -0.0324234349174846 0.931507575285301
1461244100.41766 -1.49602129439437 -0.834691045003248 -0.934034388895397 0.217608924519546 -0.261592753471773 0.0102752454138079 0.940271240989635
1461244100.61763 -1.54805682690097 -0.892288000991987 -1.02807359454221 0.244372673319143 -0.233262512113452 0.0239494154230974 0.940902238533988
1461244100.7775 -1.62707125613336 -0.935267562617411 -1.11554521733029 0.267534508656749 -0.221837137156395 0.0123882928225908 0.93758205051984
1461244100.93762 -1.72491079678166 -0.983515315882836 -1.21038127907311 0.276980664142828 -0.209514499456735 0.0148325247129649 0.937638193771473
1461244101.09774 -1.80486423385795 -1.04969879230765 -1.31793717077197 0.289175371224893 -0.209047859223442 0.0313712513415029 0.933644708559048
1461244101.25756 -1.8676960661102 -1.11357530683344 -1.43055499324378 0.312988692542897 -0.206680704502538 0.0669028265259591 0.924578377710327
1461244101.41751 -1.93950144970269 -1.15181329622099 -1.55658716987089 0.350167950155914 -0.209739716375122 0.0496526389690688 0.911551574789872
1461244101.57747 -2.018364569838 -1.17057869593945 -1.68659752342978 0.371019136552925 -0.221762972808672 0.0357976564148449 0.901046342869104
1461244101.69761 -2.08685183514969 -1.17434699184051 -1.78667926602511 0.369334005143861 -0.251646201227824 0.0329107165755075 0.893970618525288
1461244101.82009 -2.15412683608169 -1.17933371478784 -1.88701691325777 0.369325381610781 -0.278775037453522 0.0249495082833056 0.886149402204425
1461244101.9376 -2.2214763699494 -1.17371200737608 -1.97959971633254 0.369708947082528 -0.306908809381796 0.0273317601785339 0.876570163795529
1461244102.06069 -2.29324411856318 -1.15571427949838 -2.06662464152534 0.375255068262312 -0.332879417049671 0.0258993776587481 0.864698878040795
1461244102.22163 -2.39493924355378 -1.11495499233569 -2.17162885228216 0.363312774699293 -0.355606154317647 0.014973090111886 0.861001682532744
1461244102.37924 -2.48951401008971 -1.07497858807419 -2.26874425682897 0.340268796577343 -0.368028406040787 0.0234825773749315 0.864997576287191
1461244102.53788 -2.58170004774241 -1.03278566489306 -2.35863852818835 0.312383101825986 -0.393344979835188 0.0242292599803963 0.864354943002487
1461244102.65755 -2.64082648775371 -0.990909186491093 -2.42062200632744 0.290015492064282 -0.419134465585588 0.0061553483924936 0.860336809515415
1461244102.8199 -2.69530303434392 -0.934807591835144 -2.49134693029103 0.278669053388491 -0.446047383569168 -0.00716928945759731 0.850490383004614
1461244103.01939 -2.72408025692239 -0.852398024693072 -2.55529818098547 0.262599419183762 -0.470722467442389 -0.0096705837854614 0.842240098486499
1461244103.1774 -2.7269383811144 -0.772951070868576 -2.56764527704821 0.208617242912121 -0.482183486236472 -0.00734514336220964 0.850837223227554
1461244103.3374 -2.71046978571979 -0.694456132755223 -2.55747738664491 0.153983448850446 -0.475491876017342 -0.0121677369150306 0.866053416077783
1461244103.49759 -2.67950757672593 -0.627073155065478 -2.52551015822963 0.117277411558362 -0.457607329896977 -0.0140198617837131 0.881274635875954
1461244103.61738 -2.63933450616102 -0.589121951292367 -2.48146257639306 0.0912071760019244 -0.42709194168773 -0.0137664229246794 0.899491083886337
1461244103.73738 -2.58577713363765 -0.559539732152313 -2.42304395025121 0.0735252977483177 -0.400446668169376 0.00411904505041675 0.91335619010928
1461244103.85747 -2.5248281788332 -0.528578556765815 -2.34435719787522 0.0612112753890335 -0.363907796704901 0.0125452136993037 0.92933681347285
1461244103.93853 -2.48308258273273 -0.505497462132456 -2.28419850874967 0.0467629693809143 -0.346681718858785 0.0284052479043603 0.936385685706103
1461244104.01742 -2.4361490120142 -0.487679893558158 -2.22113694492323 0.0406761430801694 -0.329011369543346 0.0358283469017545 0.942768953484162
1461244104.09804 -2.38545788064766 -0.474580955319437 -2.15653167787785 0.0416378082118485 -0.312893495548708 0.0357341986765379 0.94820199346741
1461244104.1774 -2.32671309458758 -0.46243598078214 -2.08887796982096 0.0337744237829279 -0.288083883767312 0.0339242887802022 0.956407918642684
1461244104.2574 -2.26930592504679 -0.455782713760251 -2.0236611503512 0.0328424858398648 -0.269580275090084 0.0296029300648216 0.961962324073968
1461244104.33889 -2.21063069649509 -0.449916716110144 -1.95555948939099 0.0184067112290388 -0.244761487168794 0.0304820745825198 0.968929228844809
1461244104.41991 -2.15059917366826 -0.451286333840981 -1.8913046081096 0.00344696535967551 -0.21566779303633 0.0300199285605484 0.975999142092793
1461244104.49735 -2.09895697548953 -0.4642410269285 -1.82803250533629 0.00394544820721265 -0.193484326175098 0.0357885281935355 0.980442466549034
1461244104.57741 -2.0539462241631 -0.478294288189865 -1.76164348367904 0.00500691075749921 -0.180025353278777 0.0371111392900061 0.982948913404006
1461244104.65746 -2.00824694808087 -0.496967056625363 -1.69546555802784 0.0115149881298688 -0.158548941812278 0.0242102005231141 0.986987084155211
1461244104.73742 -1.96292178982658 -0.520793172432404 -1.62775182081645 0.0262736379376747 -0.134356870679043 0.0132453869436446 0.990496081252
1461244104.81957 -1.9199573755288 -0.548423254179108 -1.56198390857633 0.0401742673145126 -0.115784427696748 0.012818358028969 0.992378800784317
1461244104.89738 -1.88129774956676 -0.57910594323779 -1.49790398704752 0.0544774657423378 -0.0996572444002432 0.0193395803340182 0.993341139789019
1461244105.01966 -1.84032132260669 -0.628072085579109 -1.41275356254023 0.064865174450465 -0.0925390430816995 0.00785618505251755 0.993562939629621
1461244105.13739 -1.82186754261322 -0.677683961824762 -1.33478939415473 0.0744364629884931 -0.0913342760735034 -0.0122662484479548 0.992958610487318
1461244105.25768 -1.8239885410425 -0.731947910760185 -1.2590964759349 0.0945440926856355 -0.0977497451209925 -0.0106985043480991 0.990652282020157
1461244105.37735 -1.84553228448536 -0.784955171747377 -1.1799146194125 0.119357692602121 -0.0973822427930098 -0.000676836273915498 0.988063753964267
1461244105.53733 -1.90069239404108 -0.851048899799179 -1.07389647199629 0.128541681393998 -0.102957733482512 0.021667411212595 0.98610712630621
1461244105.69731 -1.96441345936872 -0.924644533985684 -0.991040549553382 0.153038891630938 -0.121272999182594 0.0332301868706576 0.980187590208208
1461244105.85733 -2.04413721574082 -0.989694278893434 -0.918603559540583 0.160694603784647 -0.15787087452089 0.00696821516530284 0.974271766639019
1461244106.01904 -2.13875896238341 -1.04516215229321 -0.836280070304427 0.162783395075842 -0.188635030806069 -0.000957543347178809 0.968461395488284
1461244106.13734 -2.21387470378739 -1.09136846900217 -0.764840366744207 0.16305392012336 -0.209478030908664 -0.000638860065141308 0.964122381006089
1461244106.29737 -2.29638327356989 -1.17492579067681 -0.662692382916481 0.176040925102402 -0.217383968950354 0.0166544969365149 0.959935638709322
1461244106.45732 -2.36795156712248 -1.26924708528403 -0.571858658829282 0.18219108578397 -0.226879828522809 0.0163960152226072 0.956589317500012
1461244106.57735 -2.42465667080132 -1.33330837735548 -0.499246663595392 0.173284063748895 -0.237058828225206 0.0200136011232352 0.955706650066453
1461244106.69726 -2.4862086631481 -1.39349192895748 -0.419986812905538 0.171796550264043 -0.248199247065959 0.0288213969368721 0.95291783809092
1461244106.81994 -2.54923391281393 -1.45270708881749 -0.337801279597816 0.17813511849771 -0.254203778573659 0.0135953501541782 0.950506962084374
1461244106.93709 -2.60561608765971 -1.50967881471166 -0.258564901684881 0.186047898889702 -0.254546822654472 0.0108713814928352 0.948933036341173
1461244107.05721 -2.64549716347654 -1.56562363801938 -0.182170245848555 0.184959849117929 -0.24644586521758 0.0103865207411896 0.951286712783441
1461244107.17718 -2.68141836077706 -1.61865467014937 -0.114504214559419 0.184734330592689 -0.252196229508792 0.013975458613492 0.949776276540198
1461244107.29899 -2.72034488847512 -1.66149284993394 -0.0467512762369806 0.18271429859834 -0.253041788994217 0.005845180590714 0.950026932236231
1461244107.41961 -2.76327848680333 -1.69526629483482 0.0213308713795665 0.183137342774584 -0.257915813307524 0.00793979935546407 0.948618525284837
1461244107.49793 -2.79377756796422 -1.71533681650159 0.0663025811027831 0.182137884818155 -0.26523063616356 0.00451664090479782 0.946814712871097
1461244107.57745 -2.82022468897623 -1.73917028214796 0.109647961854515 0.186300686023468 -0.266292161683238 0.00466731222080854 0.945705427292181
1461244107.69745 -2.8585957494744 -1.77559064754184 0.164226346664836 0.185650906769611 -0.270992113071655 -0.00603643366994515 0.94448958540427
1461244107.82355 -2.89211896099814 -1.81115334446913 0.207959431123791 0.187905804411942 -0.265911307107496 -0.004787195762146 0.945494404096301
1461244107.8972 -2.92022973413486 -1.83213952523339 0.231875586420503 0.18605419264298 -0.277716611530145 0.00204907135880562 0.942471815168364
1461244108.01975 -2.96811225547551 -1.85941818715128 0.269527803709435 0.181857576809332 -0.293963988863669 -0.00417187842365422 0.938347265376106
1461244108.09821 -3.00134269812115 -1.87598711337172 0.299278127990272 0.17705436597807 -0.304256228838788 -0.00176731460229957 0.93598973033896
1461244108.17713 -3.03144722671046 -1.8940403130419 0.332802911580247 0.17620210416037 -0.305064744676678 0.00201999849572715 0.93588687331904
1461244108.25725 -3.06185041668572 -1.91431525789855 0.366928188546133 0.174144140341324 -0.302536911203576 -0.000746883625956575 0.937093740193067
1461244108.33723 -3.08593931581634 -1.93410077836475 0.398635281460689 0.172831460215616 -0.287450288188419 -0.0023648356626967 0.942070074746259
1461244108.41933 -3.10842960785761 -1.95092580095728 0.424648546478448 0.167387288598297 -0.269445359158125 -0.00864452590594575 0.94831743958219
1461244108.49714 -3.1347127578709 -1.96540429522055 0.448034042567246 0.155949215331819 -0.266413403956865 -0.0111872474045347 0.951093363411298
1461244108.62027 -3.17567202143197 -1.98283783539952 0.479918971902797 0.153799983138225 -0.267135451585954 -0.00676364153388056 0.951282538915674
1461244108.73711 -3.20506307280227 -1.99995043132766 0.506866331128458 0.151154302252066 -0.250059621761581 -0.00399980943402046 0.956350649082039
1461244108.89711 -3.24250655318568 -2.01854667143882 0.53357802226188 0.145331264974048 -0.252672696469697 -0.0147809940770969 0.956460586795853
1461244109.09705 -3.28176223803729 -2.0402273437936 0.562419422478605 0.142865273097293 -0.25479330832004 -0.0217548625906175 0.95613629244571
1461244109.25704 -3.31373761099988 -2.06510325172941 0.588085384427124 0.152435595475797 -0.254246563334891 -0.0189298282758214 0.95486320269753
1461244109.37711 -3.34530476689324 -2.08231337934669 0.614599733321843 0.156836743479693 -0.258225008428146 -0.0200733178544012 0.953057785670567
1461244109.49708 -3.38049746643537 -2.09448845033204 0.65147315461381 0.15991098611985 -0.259594357892736 -0.0223176406666758 0.952124555288597
1461244109.61812 -3.41058258563278 -2.11596778280137 0.692089360583971 0.16520426871926 -0.251770532976437 -0.0211326505518271 0.95334807882659
1461244109.77707 -3.4451514224374 -2.14446055345366 0.741502475914507 0.174036003501644 -0.247039599375361 -0.0181091741360031 0.953076578055378
1461244110.09712 -3.50470092130216 -2.19889027313202 0.809494110298189 0.162629012588872 -0.240394252645611 -0.0178283268834831 0.956788669623477
1461244110.33715 -3.56367554916674 -2.2434692157822 0.84998547797158 0.17883843437977 -0.250020494362538 -0.0536781391977596 0.950065905166358
1461244110.53707 -3.62098455565144 -2.2845962830628 0.890301437017665 0.193088047075958 -0.260401355718535 -0.0557396639411837 0.944352280602988
1461244110.73698 -3.66505065737363 -2.3342590482416 0.94488048794725 0.207029497359582 -0.248367017768496 -0.0563907693071316 0.944601870019731
1461244110.8972 -3.68470273529759 -2.37084424848757 1.00091852343656 0.200073820164493 -0.216013822867727 -0.0525167311260153 0.954227691783619
1461244111.097 -3.70679316519386 -2.41527717885976 1.06324802749065 0.193952959245791 -0.182061123614885 -0.0291752895470327 0.963527269644058
1461244111.33692 -3.76312017430353 -2.4616195053705 1.15408125618433 0.180694387317681 -0.166097507127015 -0.0224681421159808 0.969152381779014
1461244111.49986 -3.79839232273297 -2.49464609649644 1.23817365062705 0.166729311226307 -0.141425474468607 -0.00306864707197338 0.975802621104534
1461244111.65689 -3.82848571001394 -2.53426541265713 1.31691354770622 0.128128482196941 -0.121446425028198 0.00857670456801111 0.984256215645363
1461244111.77709 -3.84236052955994 -2.571893700824 1.36943705737858 0.117878747644906 -0.103794844292125 0.0322262067866812 0.987062664043263
1461244111.89682 -3.85571429705536 -2.60446245090718 1.42623704374735 0.12078431312182 -0.0844039722456237 0.0403133104442729 0.988262088807354
1461244112.01894 -3.86771728521149 -2.62634429700903 1.49939131884957 0.104864761105866 -0.0631206078018165 0.0470002146760873 0.991367818001644
1461244112.1769 -3.87154357734439 -2.65514969976003 1.6029926229027 0.088594591241332 -0.0248630957367998 0.0582668842462447 0.994051203446482
1461244112.29693 -3.86419319638665 -2.68143669657372 1.68470548594699 0.0814087453332352 0.00509145852576753 0.0766439425231988 0.993716458205181
1461244112.45972 -3.844420407437 -2.71735968559669 1.79194264461674 0.0662117217935468 0.0411089901394237 0.0822089839183637 0.993563154404369
1461244112.6192 -3.81564325775057 -2.7445062477739 1.90691811054998 0.0520689521960487 0.0652099651510918 0.0818471736555607 0.993145268743095
1461244112.73689 -3.78457969225493 -2.75895094165445 2.00029567421867 0.0476689990473221 0.0878596597109762 0.0795779297332192 0.991804264875219
1461244112.85681 -3.74973397341377 -2.77576314532761 2.09443495787693 0.0428265021069544 0.104249290549936 0.0732001957078589 0.990928709587854
1461244112.97685 -3.71384512365734 -2.80034759748248 2.18563950586249 0.0404003180813841 0.110122791767609 0.0677074836893897 0.990785790009466
1461244113.09679 -3.68137318997388 -2.82761923654922 2.27003817123624 0.0431411259794808 0.102325929497856 0.0625579921775447 0.991844113263943
1461244113.21685 -3.65121831252415 -2.84584089630653 2.35726808867557 0.0408436161302036 0.0946845875612145 0.0588392092735771 0.992927275963266
1461244113.29685 -3.63342632100721 -2.85262723045794 2.41978027373493 0.0428177327795938 0.088301355453117 0.0570126623636425 0.993538659899536
1461244113.37683 -3.61240508020432 -2.85559075551332 2.48577362787543 0.0411299120474475 0.0927717579697107 0.051058679934632 0.993526417596186
1461244113.45678 -3.5878041123121 -2.85839689560387 2.55513670487753 0.0415594653094863 0.100265185527792 0.0447732771363949 0.993083610311204
1461244113.53685 -3.56165522586748 -2.86328342333528 2.62120902524264 0.0428470456410633 0.10973737136324 0.0433226078301937 0.992091221439294
1461244113.61862 -3.5330748065162 -2.86971797174693 2.68714712884182 0.036141445228187 0.114833366216345 0.0463733433940578 0.991643386990857
1461244113.77685 -3.46930483829139 -2.89727505791374 2.81551902357702 0.0349209945273144 0.121724175102573 0.0429456001339306 0.991019386675134
1461244113.93936 -3.41000495212014 -2.90921544768905 2.94686264242673 0.0303409756987641 0.12453988497417 0.0452924765958081 0.990715818894644
1461244114.09684 -3.34440033584624 -2.90923611456263 3.0849125364072 0.0359107756468749 0.13007838505829 0.0444591109420798 0.989855250724724
1461244114.21904 -3.29145694500432 -2.91457219015296 3.1826323889016 0.039034468217643 0.125837543071607 0.0490125969055895 0.990070193667721
1461244114.29677 -3.25686277325333 -2.92236400120318 3.24208475568107 0.0327679952603077 0.117191178545179 0.0525777643815222 0.991175092932855
1461244114.41869 -3.20775515334688 -2.94111208223765 3.33294395627153 0.0406347245061931 0.103568685746418 0.0525383153887925 0.992402172464961
1461244114.53682 -3.16067053395742 -2.94687438486443 3.42724665403364 0.0460711975480949 0.0996375054762589 0.0564297894853137 0.992353511163031
1461244114.65674 -3.11655415510573 -2.94695798969985 3.5309330867571 0.0516037216759357 0.0955236641236442 0.0425995267100074 0.993175495985311
1461244114.73715 -3.08666546874518 -2.94759437265143 3.60448419153388 0.0561448166564458 0.0912002359089604 0.0375075401893042 0.993540870302632
1461244114.85672 -3.03202801647468 -2.95290014695496 3.70919966175932 0.0536854192029212 0.0974612659970604 0.0372072327300167 0.993093550088727
1461244114.93686 -2.99530413538882 -2.9620786303655 3.77400519630876 0.056190434117033 0.0992678803972871 0.0322568251813227 0.992949152909851
1461244115.01861 -2.9630058063163 -2.96927850183232 3.8339752474494 0.051048212294696 0.0893228112238724 0.0348941575590588 0.994081441927584
1461244115.13678 -2.91353022476675 -2.97812515637504 3.92189703226855 0.0542839597984748 0.0891490144364253 0.0329833464705531 0.993990846934324
1461244115.25895 -2.86387952864395 -2.97738156612572 4.01638488255559 0.059540396893427 0.0869330459906345 0.0371981832701159 0.993737330391672
1461244115.3368 -2.82948251750838 -2.97518971032648 4.07980311344708 0.0617956749940314 0.0848949647220842 0.0367450748005417 0.993792704237041
1461244115.419 -2.7937798849522 -2.97587379192881 4.1437384194403 0.0630513910078035 0.0772162414224442 0.0396487428601849 0.994228420103841
1461244115.49674 -2.75736627794851 -2.98164225539114 4.20528826524743 0.0635223099772958 0.0653905239757564 0.0381547476731275 0.995104623011734
1461244115.5767 -2.72013780473337 -2.98961789154991 4.26329408575724 0.0628375982509731 0.059136750568966 0.0387110526860783 0.995517822732536
1461244115.69675 -2.66928355018047 -3.00360675821168 4.34900943015072 0.0701361103124387 0.0464950105393736 0.0378471058317191 0.995734270076785
1461244115.77827 -2.63828125912346 -3.00816615825881 4.4080140123904 0.0748178556600028 0.0393629549284963 0.0385908803997104 0.995672431175892
1461244115.89673 -2.59592909532313 -3.00666425064005 4.50148103152871 0.0787064776762714 0.0349210595778634 0.0343363673731088 0.995694141714901
1461244115.97664 -2.57026704063206 -3.00466009098471 4.56619388547625 0.0801370278140528 0.0277110166623099 0.0339719342710153 0.995819292849138
1461244116.05673 -2.54493337912586 -3.00899371927095 4.62747859889015 0.0814971550845852 0.0259467377633282 0.0216506672605296 0.9961005115548
1461244116.13665 -2.5200900294549 -3.01854099948321 4.68589518308552 0.0865689973347502 0.0158637874038038 0.0226094640924494 0.995862922837835
1461244116.25678 -2.48071425657399 -3.03808408235931 4.76542439912124 0.0970264045096759 0.00590277559449983 0.0220103295448438 0.995020893982399
1461244116.339 -2.4543452216819 -3.04722042692368 4.81513034382061 0.0995410371874304 -0.00233607291679897 0.0228937427193902 0.99476731008979
1461244116.45673 -2.42069297502576 -3.05426180850953 4.89099682317389 0.104643410279107 -0.0265310043796512 0.0158528135575929 0.994029451673377
1461244116.53668 -2.39816060617835 -3.05734300716374 4.94384447568616 0.11593235320655 -0.0413355331746378 0.00904694075888673 0.992355387973515
1461244116.61673 -2.37365534599976 -3.05840577218598 4.99693837254253 0.125224737806086 -0.0581020253813142 0.0062121623749693 0.990406143320311
1461244116.69676 -2.3465240082446 -3.05853827871667 5.0487043820299 0.13126250409316 -0.0763813465863508 0.00695593882165089 0.98837627441575
1461244116.77721 -2.31998180238109 -3.06086421244695 5.09574932851022 0.135390797923599 -0.102745153754644 0.000519651768518748 0.9854504021916
1461244116.89684 -2.27732341587198 -3.06692902010114 5.15914692218252 0.139188206523618 -0.126563022318509 -0.0041710768532115 0.982135961394464
1461244117.01674 -2.24381426868525 -3.07310814914501 5.21727710712886 0.141387887869365 -0.150828136906171 -0.00870136606814324 0.978358126919688
1461244117.13686 -2.22433456494135 -3.07851684905871 5.27645111965674 0.161015759565588 -0.18321638687273 -0.0135786714482622 0.969701655373713
1461244117.25675 -2.21298356890465 -3.07780461066799 5.34306900516664 0.173096279198428 -0.211952060835155 -0.0346976356409124 0.961202411626355
1461244117.37669 -2.20227990336367 -3.0808922723227 5.41259760329739 0.184135807373641 -0.233784666676429 -0.0548767706894904 0.953114512589406
1461244117.4967 -2.1910137713376 -3.09531096321226 5.47736901978036 0.192519146233599 -0.263886633346176 -0.077575522709406 0.941956613306085
1461244117.61897 -2.17525435119722 -3.1155440187109 5.53617718852343 0.200976427628796 -0.289843668199201 -0.0732638205917812 0.932862013448235
1461244117.73662 -2.16783827283898 -3.13389473862863 5.58940937880884 0.209900563127673 -0.318518185471276 -0.0828007433019114 0.920669297865103
1461244117.85662 -2.16727957207733 -3.1489218028533 5.63852895876329 0.224724568016859 -0.352486012009306 -0.0909989577953589 0.903864851373019
1461244117.97664 -2.16467918108093 -3.16262502162987 5.69379545621091 0.233850569970168 -0.376381292274854 -0.10473106815352 0.890327151733317
1461244118.09663 -2.16348747802463 -3.18378403512856 5.7432676350934 0.252814083484467 -0.406826114751069 -0.115416491009507 0.870204909864057
1461244118.21924 -2.16471495406951 -3.20237726426198 5.78482432083476 0.262663359203581 -0.443431797839942 -0.121452243656703 0.848307463663429
1461244118.33653 -2.16953292103111 -3.22207348749238 5.82294081954362 0.2599781590463 -0.469668828309257 -0.145712293406724 0.83101773511981
1461244118.45662 -2.18547442940131 -3.23658022707817 5.85164585959994 0.252120852228213 -0.509714876576649 -0.170748290727841 0.804655728670151
1461244118.57652 -2.20850292243096 -3.25078369440169 5.88342732331657 0.246372003671067 -0.536784436954994 -0.18071515885919 0.786451101727572
1461244118.69728 -2.23817608756371 -3.26317155800481 5.91412447099422 0.238985294723923 -0.560697918613812 -0.186763991680517 0.770469392240483
1461244118.85657 -2.28502156397566 -3.28108038131106 5.95120767122888 0.23614609654623 -0.573849739150645 -0.203296793006348 0.757365111367067
1461244119.01899 -2.32819088712306 -3.30146531611009 5.97251360619958 0.235960779029841 -0.590037840390826 -0.20697340149547 0.743868179679676
1461244119.17675 -2.37034943023916 -3.31697667256022 5.98600940288751 0.230302390594043 -0.608168180507352 -0.216076217522197 0.728287952204584
1461244119.33773 -2.41498787262366 -3.33106597453621 5.99607680645861 0.229294920377026 -0.618585627522453 -0.228023068811489 0.716087383635361
1461244119.45649 -2.45738252763581 -3.34466089992867 6.00203698529314 0.229253422073054 -0.631035209999913 -0.229881319238382 0.704550928800311
1461244119.57643 -2.50351551852354 -3.36311318738512 6.01451891572758 0.22747507035397 -0.63035599536062 -0.237355480243294 0.703255847809923
1461244119.65654 -2.53582848874154 -3.37777743847822 6.02203935512603 0.222560111608964 -0.636742143247183 -0.240105089015821 0.698123188242801
1461244119.73652 -2.56628719046451 -3.39978709453451 6.03554394138413 0.222021706474478 -0.632628418909338 -0.234658359576547 0.703862983629112
1461244119.81853 -2.59338049302619 -3.42202832423348 6.05234536534348 0.214717507516346 -0.624566762056624 -0.225115195183321 0.716335047723932
1461244119.89641 -2.61811474957438 -3.44322236477268 6.07129696952506 0.210332758255653 -0.610148630909074 -0.210569785293081 0.734260951246883
1461244119.97651 -2.64285453475325 -3.46017668263988 6.08513606391095 0.206926474380511 -0.60160668335392 -0.202858573826251 0.74437841973658
1461244120.09627 -2.68255702435668 -3.47652251900705 6.09864224936706 0.1941739656616 -0.599756549242667 -0.208784898276273 0.747661299621388
1461244120.25647 -2.74360765374645 -3.49611933237553 6.10771514780113 0.183755268383392 -0.605958845514944 -0.214550493807227 0.743650431648243
1461244120.37661 -2.79904641461521 -3.50989587106621 6.11744378942843 0.176836486750535 -0.605253688691262 -0.232262715341985 0.740574682487402
1461244120.49641 -2.85494901052217 -3.53300523064528 6.12073034779254 0.182550814178303 -0.601867069041087 -0.245411286304637 0.737702197367632
1461244120.61863 -2.90842709650988 -3.5613617335594 6.11745576084121 0.186789502950003 -0.596400665334994 -0.253069563833493 0.738492873247124
1461244120.73644 -2.96428420274566 -3.591371391496 6.10272472342312 0.20207560120088 -0.601116000124726 -0.261028992055726 0.727797273352769
1461244120.89708 -3.04148812270042 -3.62143185122697 6.08682010853274 0.214839349393734 -0.610002917469808 -0.277574175031757 0.710417533557442
1461244121.01877 -3.10455528395909 -3.6422917108121 6.07307925158728 0.226599539218871 -0.625246939685477 -0.285599279997839 0.690037654410582
1461244121.13646 -3.17100911843424 -3.66654088532098 6.0579163374513 0.241607940518522 -0.637312301083619 -0.295301454707085 0.669518995110505
1461244121.25637 -3.233612160269 -3.69813811802436 6.03633209608653 0.258120314526103 -0.661651969680332 -0.28631413729901 0.643128905453492
1461244121.37632 -3.28687696151361 -3.72888739988762 6.00753141107154 0.267138280134084 -0.68677007438555 -0.287027678431494 0.612045027779571
1461244121.49648 -3.33461170647976 -3.75696564317139 5.96925656018991 0.287727628842552 -0.702675625347493 -0.290958002269915 0.5820680527724
1461244121.61897 -3.38413801810477 -3.77520196142 5.91906417363635 0.311396441808159 -0.717402378026431 -0.299282299520123 0.546622529013566
1461244121.73644 -3.44032057000753 -3.7822198567413 5.86352891034438 0.332882828881481 -0.730304028165608 -0.314078219977272 0.507148814862914
1461244121.85643 -3.50139383017551 -3.79001591453668 5.80021067961842 -0.353612421029351 0.74076801248593 0.313935744479172 -0.477142909105557
1461244121.97634 -3.56308873696366 -3.80330458019701 5.73317429084645 -0.36263983187014 0.752010682505839 0.304787456933372 -0.458341457686719
1461244122.09624 -3.61757528398522 -3.82384250596063 5.66116923796677 -0.364980759568567 0.768488792523831 0.287713350758569 -0.439812515403203
1461244122.21805 -3.67625247074016 -3.84999279582595 5.59931029073682 -0.363718744326408 0.768624232890531 0.272350348444157 -0.450278526404947
1461244122.29632 -3.71595337552329 -3.86915332265941 5.56137434123263 -0.365309929606197 0.766597717998822 0.252549984137824 -0.463783461975628
1461244122.4183 -3.78013102128979 -3.88240384978418 5.49949320602793 -0.356855854135976 0.775959118098049 0.242000213541756 -0.460409864202675
1461244122.53629 -3.85576757518773 -3.89569022519659 5.43570661982946 -0.35970550933299 0.771193586534833 0.2425791532973 -0.465862375631044
1461244122.65625 -3.93336919219111 -3.9227231003391 5.37035261602027 -0.357337770384389 0.769832631538452 0.234168146275227 -0.474165283994221
1461244122.73637 -3.98594188498025 -3.94816399110475 5.32728153745944 -0.349419851045926 0.767295802817296 0.227559389279828 -0.48721621794086
1461244122.81815 -4.03591915723406 -3.97702059354386 5.28580189358939 0.354290555202015 -0.757504657930884 -0.220028557124394 0.502247279492303
1461244122.89623 -4.08318725944144 -4.00824592941664 5.24209600315318 0.372799037228696 -0.743509848218008 -0.212965449643929 0.512698450068021
1461244122.97626 -4.13150041840775 -4.03522123762486 5.19622346772669 0.383126203456204 -0.73738746509914 -0.20761105185721 0.516112090234905
1461244123.0563 -4.18351868680865 -4.06043247081718 5.14844001692184 0.395434639432129 -0.730764353313938 -0.194835818085965 0.521204288023053
1461244123.13677 -4.24278585660494 -4.08228948620149 5.1012003200681 0.393042370040524 -0.726144222067367 -0.17928676905782 0.534872432035822
1461244123.21928 -4.30695467842068 -4.10476154480341 5.05838119112767 0.375178045220671 -0.719025141357694 -0.161497281797721 0.562283654797017
1461244123.29637 -4.37042009455341 -4.13374390618089 5.01847489326081 0.357203399384141 -0.707688979308854 -0.133605157102426 0.594753480047693
1461244123.37917 -4.43268948654818 -4.16352949989891 4.98242633059839 0.330231101968233 -0.704652547701952 -0.11302144716254 0.617768855472077
1461244123.45625 -4.49536514585179 -4.19796939989722 4.95411804857195 0.315006127703463 -0.690425570711118 -0.102174459904929 0.643151654402469
1461244123.5368 -4.55775696782805 -4.22943145831602 4.93232414855312 0.296985139761231 -0.680117163053171 -0.0914371352166724 0.663987742044141
1461244123.61819 -4.6204013364995 -4.25724712048725 4.91448125683888 0.285283573604554 -0.669756827067932 -0.0836170005556443 0.680475769183142
1461244123.69652 -4.68103476857206 -4.28080078119984 4.89878640230459 0.282162103207254 -0.663689987579337 -0.0807664332389053 0.688023932114621
1461244123.81821 -4.76732257682153 -4.31575522147377 4.88819670548703 0.281911801481865 -0.646405159111619 -0.0776115733046675 0.704742896486589
1461244123.89671 -4.82291165972493 -4.34221184758637 4.88857773875241 0.276068963224155 -0.634515449470784 -0.0657244327970898 0.718927236137796
1461244123.97617 -4.87768712228708 -4.37062430483375 4.89001002744962 0.272879362490685 -0.625917990424537 -0.0614274511912136 0.728004252068446
1461244124.05621 -4.93225485976177 -4.40117773519897 4.89728720663003 0.257378849955185 -0.609762975899188 -0.0590173025833086 0.747303284359237
1461244124.17684 -5.00924805694239 -4.4534186745405 4.89734505870912 0.248980700339605 -0.60695483070999 -0.0422071464232797 0.753546946863306
1461244124.29632 -5.08720910852847 -4.50693858291086 4.90059775749086 0.247097600965391 -0.598952236757811 -0.0314006540018005 0.761060439523842
1461244124.41904 -5.17028305309563 -4.55812291354215 4.91447041816043 0.237682505284248 -0.587415172745847 -0.0262821808022124 0.773149201953964
1461244124.49696 -5.22851669122351 -4.59495603910485 4.92683306903687 0.234181988817983 -0.578434475217206 -0.0254410695095025 0.780977020132899
1461244124.57782 -5.28707123349429 -4.6370920162885 4.94506279644467 0.228950548462861 -0.56315833664594 -0.0145612479611677 0.79386541950292
1461244124.65683 -5.34118123926503 -4.68332316372298 4.97186391566325 0.222755676106129 -0.534597461147193 0.00459647057723973 0.815208154863351
1461244124.73618 -5.39167412454797 -4.73084236891168 4.99943023096981 0.221812712811452 -0.508321980051559 0.00838038701204875 0.832068298966627
1461244124.8177 -5.43789641184153 -4.77453109592936 5.0294467861052 0.216625797724895 -0.486445730805383 0.0165503829775254 0.846268219635222
1461244124.89615 -5.48819708646633 -4.80822481512372 5.06371811339285 0.196194487315583 -0.473594700574308 0.0140088121779769 0.85849841928583
1461244124.97615 -5.53364441662779 -4.84152937636962 5.10289835098828 0.177419425799399 -0.456988486945344 0.0124018627701558 0.871510220220192
1461244125.05623 -5.57283705466703 -4.87625299297878 5.14805817170852 0.173957681546414 -0.440632491457082 0.0288323207716776 0.880199085310954
1461244125.1361 -5.60798931887286 -4.90182982323944 5.19891774662931 0.160456750592479 -0.427873663300048 0.0322422034626063 0.888897181770409
1461244125.218 -5.6328524844257 -4.92920883070668 5.25459152483349 0.158374638001204 -0.402410043219512 0.0360395232110293 0.900935504861907
1461244125.29621 -5.65391321108386 -4.95863224707634 5.31036538802252 0.157256094224824 -0.383415249124017 0.0488032882594516 0.908780230101528
1461244125.37608 -5.66981759579314 -4.98800497736913 5.36543810684343 0.152510550156828 -0.365628498610205 0.0519168294236371 0.916712046346892
1461244125.45648 -5.67968418794393 -5.01790015310413 5.42244810607689 0.140173988200067 -0.344375307423218 0.0630559689091336 0.926164588749852
1461244125.53601 -5.68306403860282 -5.0517634138903 5.47185772533884 0.142343737746639 -0.328822765263186 0.0732160875496632 0.930727271488758
1461244125.62207 -5.67848895401367 -5.08092975926206 5.51811468304304 0.140562111699065 -0.303696680744442 0.0808238816986256 0.938870661490002
1461244125.69612 -5.66949303522629 -5.10488348299871 5.56128018600593 0.134036781321098 -0.283466131714965 0.0934258815608491 0.944961744240587
1461244125.7761 -5.65256366683457 -5.12620870208659 5.60114328829907 0.130452569722149 -0.257018425756752 0.110261373060301 0.951191928837323
1461244125.89622 -5.62303065737601 -5.14799518575526 5.65280492776846 0.120177627324452 -0.215955810320694 0.120724067756794 0.961429209741232
1461244126.0182 -5.59214280665059 -5.15632748155288 5.6927612484658 0.112309173818052 -0.181828525889337 0.131553763230621 0.967997233482141
1461244126.13671 -5.56244743319914 -5.14856266904988 5.72067478022221 0.104060331320681 -0.151033615008291 0.129415499867968 0.974480334833331
1461244126.29624 -5.52705553197575 -5.11259482320992 5.74085904332567 0.0859747300111425 -0.117998328874968 0.124451024524457 0.98142584165949
1461244126.45608 -5.47470150035483 -5.05424800819306 5.73441328369213 0.0669304227934835 -0.0865532864361438 0.122662641927473 0.986398866274268
1461244126.57611 -5.42809010483374 -5.00943639880713 5.71639598791046 0.0633299860132976 -0.0698811381877463 0.111608880906101 0.989267100989429
1461244126.73608 -5.35856419823701 -4.94297299299473 5.68328043651396 0.0643927757156825 -0.0618121648706683 0.108067236056194 0.990128425609934
1461244126.85604 -5.2920494992458 -4.88191339088368 5.65053593386232 0.058250891183811 -0.0486580991000241 0.0985677210269904 0.992231640011449
1461244126.97636 -5.2177998096763 -4.81581126885454 5.61101305876413 0.0581221664831034 -0.0327718661598364 0.104016940704457 0.99233476941917
1461244127.09605 -5.1530867219681 -4.74588331423202 5.57279296698415 0.0419640787234198 -0.0324015967581439 0.100136870908734 0.993560143981744
1461244127.25606 -5.0777142295775 -4.66340151130954 5.53092508521307 0.0421798606018986 -0.0330588108106703 0.108968676524585 0.992599517390508
1461244127.37706 -5.02785979111042 -4.59804287019651 5.51172535896564 0.0215198252486425 -0.0298106821339712 0.100987052350588 0.99420814501266
1461244127.49604 -4.98272068456047 -4.53823878601904 5.50314787069675 0.00568326007267598 -0.0347030099674116 0.0951704858042527 0.994839675669367
1461244127.61973 -4.93238245959641 -4.48688903603485 5.50390693162036 0.00101342258581431 -0.0337856308173696 0.0884039333313919 0.995511049007731
1461244127.69601 -4.89457727731701 -4.45146187175768 5.5079748224886 -0.0103833852563652 -0.0279248834754196 0.0824869971861046 0.996146716848839
1461244127.77608 -4.85294892838067 -4.41559918849744 5.51235833005588 -0.0338139572673243 -0.0152487325323971 0.0787578059633837 0.996203443303582
1461244127.85581 -4.81129997556809 -4.39009119535785 5.51530497319933 -0.0417708525898615 -0.0042452724906459 0.08024381320093 0.995890608439687
1461244127.93605 -4.77194675142754 -4.37185478290996 5.51751664978719 -0.0397212966508522 -0.00156825855592214 0.0864267552130311 0.995464803567069
1461244128.01813 -4.73010863464211 -4.35545885126506 5.52113178564133 -0.038077103358106 0.00637203230072745 0.0924562747856628 0.994968023936937
1461244128.09599 -4.68568467703765 -4.33797447661379 5.52446386959742 -0.0379372636343588 0.0210717511583546 0.103648734889075 0.993666787754805
1461244128.1759 -4.64150162723391 -4.31688485134733 5.53148014060933 -0.0389555258952857 0.0380717066515259 0.116646666183033 0.991678661373353
1461244128.25615 -4.60021988281642 -4.2918550301131 5.54215501398066 -0.0478564735639448 0.0498265786451517 0.120779522236065 0.990272375160981
1461244128.33597 -4.56174867873909 -4.26506684886938 5.55536950637067 -0.0608596760387132 0.0568817548345797 0.126515829708583 0.988460576165054
1461244128.41808 -4.52422664648858 -4.24100286233646 5.57093538665434 -0.0648477561194579 0.0615208027961985 0.135867300808784 0.986686391879668
1461244128.49592 -4.48464656721092 -4.21740715124777 5.5882655111058 -0.0691481698687684 0.067715142628843 0.142470761531864 0.985055974130956
1461244128.57589 -4.44286119579595 -4.19429752960814 5.60821159130933 -0.074630991409162 0.0711246094872067 0.149463134087634 0.983377992734879
1461244128.65597 -4.39477313576604 -4.17161563072085 5.62828808619879 -0.0829635800954587 0.0800981519569356 0.152437611660605 0.981562073932178
1461244128.73601 -4.34437381585063 -4.15078341958793 5.6470164877465 -0.0961127237474936 0.0919470487971464 0.150403395810081 0.979636107480798
1461244128.81846 -4.29243108955116 -4.1327343173855 5.66452922838305 -0.10315127108149 0.11094949570101 0.161932293223869 0.975104075003906
1461244128.89615 -4.2374042269715 -4.11787341999072 5.67999783725052 -0.114192911597772 0.143782502854838 0.163782602373131 0.969258391747787
1461244128.97586 -4.18618661421455 -4.10296689854783 5.69970299530257 -0.121515153282658 0.171917438251124 0.170947629406609 0.962525516517938
1461244129.09598 -4.12455011305842 -4.0771424039287 5.73725194048212 -0.141666125439532 0.193762360411979 0.178315126596409 0.954248695161506
1461244129.21815 -4.07150703621359 -4.04690970107553 5.78856313367476 -0.156031628399317 0.209418294327263 0.197672195184319 0.944840627932103
1461244129.29588 -4.0341494426377 -4.0258643711928 5.82834515499805 -0.167292432168713 0.233606631891745 0.21032668143223 0.934453782031501
1461244129.37595 -3.99720448314616 -4.01007969025544 5.87297135972711 -0.175039686277416 0.251686385460976 0.21821394415141 0.926497569440621
1461244129.49657 -3.9407826173997 -3.99327765359108 5.9363093183557 -0.18400143418968 0.280661944780449 0.242059811308597 0.910373216168755
1461244129.61798 -3.88526633006289 -3.98121381227708 5.99306303550567 -0.204790226285929 0.306064233279426 0.259437498348775 0.89279215541769
1461244129.69579 -3.84410992931684 -3.97230939188309 6.02865950980846 -0.210668902417231 0.327559913326444 0.269652409546154 0.880687626097838
1461244129.81842 -3.7765680192573 -3.95819125768959 6.08019777825583 -0.205585596720203 0.362231586900545 0.278195154518106 0.865523134223088
1461244129.89593 -3.72913931080547 -3.94065657793673 6.11227847377594 -0.207352908168755 0.389967548773291 0.283665221462185 0.851154583204791
1461244130.01878 -3.65773406796153 -3.90822975411233 6.15806311594708 -0.218632838837043 0.421319449890929 0.290525568438044 0.830833615719424
1461244130.09579 -3.60805656885347 -3.88901107521718 6.18330522941317 -0.22162207156909 0.446433865140267 0.297803138623351 0.814182873852938
1461244130.17584 -3.5592322756079 -3.87276101453135 6.20579587504735 -0.230807064908109 0.466683154394723 0.311958741992229 0.794743150638822
1461244130.25582 -3.50846634781421 -3.85888532439691 6.22534845237189 -0.24434307002696 0.488460127629736 0.31421131303562 0.776514274566909
1461244130.33611 -3.45651034971335 -3.84483706598102 6.24219655060758 -0.247691223942785 0.516441289974356 0.321282843399056 0.754131809519242
1461244130.41995 -3.40429485104869 -3.82997258367 6.2554985445792 -0.249589935871212 0.54838202075726 0.325085712960083 0.728904179197254
1461244130.49591 -3.35332974174473 -3.81153138194571 6.2666597726575 -0.263727527608377 0.580726304290915 0.321884383603803 0.699710793312629
1461244130.57606 -3.30210705721537 -3.79050804518979 6.2799996545637 -0.270882726099567 0.608486336481366 0.322738234797081 0.672463351281256
1461244130.6558 -3.24948010023827 -3.76875384209845 6.29333406167052 -0.265574791983409 0.639742363437169 0.325051489619321 0.643848792328645
1461244130.73587 -3.20168259006233 -3.74647103916522 6.30780532456994 -0.269401359340112 0.659568203546719 0.331977918801232 0.618209797628812
1461244130.81776 -3.15536932358824 -3.72661111731599 6.32187673078509 -0.288091703757819 0.666482767596596 0.335022241132123 0.600469806626036
1461244130.8958 -3.10787957834121 -3.70883434353342 6.33087957454338 -0.291708040009933 0.679983129571742 0.339205057512169 0.580921071962061
1461244130.97628 -3.06208461456151 -3.6893637084176 6.33584488457223 -0.286502414215825 0.694745475236778 0.349258659200483 0.559699455297223
1461244131.05579 -3.01555261203979 -3.67020441242089 6.33835445842254 -0.289455889745711 0.705523676461627 0.345986542623069 0.546575650909665
1461244131.13614 -2.96996857741672 -3.64542133175046 6.3391934416641 -0.288322331392064 0.715826647158586 0.342949026878868 0.535582308708176
1461244131.21829 -2.92440232497068 -3.62111032163488 6.34101118212117 -0.292572432201978 0.718554161630013 0.33684253145142 0.533496389608221
1461244131.29561 -2.88147977604798 -3.59636041147884 6.34380108291686 -0.294746809871667 0.719741600096829 0.333678171836335 0.53268679803473
1461244131.41789 -2.81790740713046 -3.56470064777868 6.34861028618129 -0.296431344309262 0.717069732838969 0.330590989981161 0.537260694356594
1461244131.57566 -2.73884986265423 -3.53017054641503 6.35809828455422 -0.302503506731005 0.704383966589529 0.323742677136564 0.55454984900142
1461244131.73632 -2.67019024996714 -3.49692753347682 6.37426321357795 -0.302407093686238 0.693459314081436 0.323011433104482 0.568619155046447
1461244131.89757 -2.60719536499401 -3.45460322956828 6.39367757384743 -0.306396914005065 0.675506913329068 0.326873675345838 0.585632087149186
1461244132.09599 -2.52602734946626 -3.41042533166975 6.4002502003231 -0.309085332313407 0.674025284220149 0.30631003933187 0.59693411142702
1461244132.29562 -2.45007500185139 -3.38119218866764 6.41123273919032 -0.307575163454971 0.663636042213261 0.282683274350529 0.620544026402341
1461244132.49572 -2.38769922488918 -3.35824684718189 6.43104390716478 -0.301816368293723 0.643432100592386 0.273830979672645 0.648011270217406
1461244132.65576 -2.33981969222769 -3.33350206923988 6.45210376634403 -0.29846373213458 0.61921118436371 0.267739145114726 0.675138993046932
1461244132.77562 -2.29999884592393 -3.31342546385953 6.47168143839723 -0.286691792948952 0.592649647160244 0.266697104399158 0.703879866228363
1461244132.89574 -2.25757731934374 -3.29968787332448 6.4889629860018 -0.275062208203992 0.565856936494286 0.253415490510256 0.7347974538665
1461244133.05576 -2.20485901044841 -3.28518979144689 6.51666996912814 -0.263281572062271 0.522838136983702 0.247240976530277 0.772136643251818
1461244133.21878 -2.14428618931895 -3.27968611307656 6.56389191432366 -0.261555184068567 0.470795681847709 0.217002512583823 0.814156140536149
1461244133.33564 -2.09272278693869 -3.27585757353005 6.61354752672904 -0.255799675129823 0.433199968434078 0.178721946299644 0.845554717013073
1461244133.49716 -2.01476540233243 -3.25819759390578 6.69045969599422 -0.232944442683756 0.409521712826951 0.163993352812201 0.866680467980817
1461244133.65578 -1.91863727015387 -3.24350735426153 6.76293869830136 -0.2218853762429 0.418678722500184 0.177535102182473 0.862529010890776
1461244133.77565 -1.84107364647076 -3.23626809384499 6.80939479207586 -0.201239975863396 0.45322147993672 0.201320051152068 0.844726582535792
1461244133.89571 -1.76038763429518 -3.22519738584793 6.85995653785221 -0.187187352990996 0.482739424222068 0.216970613134935 0.82755501099191
1461244134.01564 -1.67941429918987 -3.20019133104209 6.9213880254603 -0.181033563740768 0.512916012422554 0.235613757110733 0.805375794558061
1461244134.13553 -1.59655273152832 -3.17600002892533 6.9925904766921 -0.178799814424497 0.521537912277828 0.243584155066017 0.797932072183732
1461244134.2556 -1.51320360509566 -3.15850145673008 7.05819026402675 -0.17603085002069 0.522307214338914 0.251597671450176 0.795554476708771
1461244134.37562 -1.43248661813441 -3.14702466721403 7.111349565234 -0.188723432237751 0.529231976910615 0.242013436842202 0.791028746081652
1461244134.49553 -1.35570147400046 -3.12983943013906 7.16749977098766 -0.204149618350499 0.530092004344926 0.244597807613655 0.785809972428142
1461244134.61756 -1.27011740517274 -3.10172179657331 7.22106637249499 -0.206455547285733 0.555265747262049 0.251100238846874 0.765509455828934
1461244134.69553 -1.20903636665623 -3.08060282262837 7.25417774599065 -0.210639499604219 0.579799200756152 0.246248628427244 0.747546320308456
1461244134.77558 -1.14676840237717 -3.05976318385503 7.28562895639498 -0.215151286314842 0.598961885447594 0.247266580637732 0.730625637298512
1461244134.85556 -1.08726639932751 -3.04072579829322 7.30700336746708 -0.231111522815584 0.621068419515029 0.249566126264046 0.706100722931597
1461244134.93558 -1.02825611250873 -3.02054562521606 7.32452877387627 -0.241982620272824 0.640869616851502 0.261296626523149 0.680040159586277
1461244135.01756 -0.966366338635115 -2.99921379048496 7.33912431755802 -0.243553396060268 0.65709314822762 0.266637794092043 0.661675618850774
1461244135.09564 -0.909911843102423 -2.97156610928836 7.34934323169099 -0.258568495077739 0.669080505429209 0.269344417121806 0.642594114175614
1461244135.17547 -0.85249663037731 -2.9381198634986 7.35497677750675 -0.266338236884914 0.686613783477567 0.266164856412113 0.621917780034287
1461244135.25555 -0.795597401759689 -2.90187771949987 7.35435292723928 -0.273562401628519 0.706569838138422 0.265070973213386 0.596372413352588
1461244135.33545 -0.735283692501657 -2.86941026278412 7.3487851710353 -0.277510550445894 0.726096995220315 0.260907632886406 0.572449347125891
1461244135.41916 -0.67847122006032 -2.8393811616308 7.33951132000579 -0.273179866234481 0.739288049540978 0.274990831141313 0.550641428951924
1461244135.49553 -0.617794339063114 -2.81347793510896 7.32620177100411 -0.279960606079041 0.752252254367912 0.276186272800339 0.528639525157651
1461244135.65554 -0.505752816042497 -2.75515232096958 7.2931846497665 -0.286384122896354 0.76861264538337 0.285006594913637 0.495973765803594
1461244135.77544 -0.431778451204504 -2.69544445809176 7.25703479321551 -0.297833869666361 0.783724927312846 0.291321750261858 0.460653733527042
1461244135.89557 -0.355229917912689 -2.63360844159096 7.21110153519713 -0.311057783570285 0.804508539556639 0.277538377917156 0.423062068547748
1461244136.01843 -0.281866896822672 -2.58476737066616 7.15421026853765 -0.317021919433214 0.821350599124352 0.277818487006821 0.384313913609941
1461244136.09837 -0.235941847601868 -2.56289923939997 7.10192493117628 -0.317695657682902 0.848218017620155 0.263202133536989 0.332144999323398
1461244136.21784 -0.164121881467348 -2.53308176007361 7.02407122587875 -0.307522342952628 0.868961557294432 0.250474021149409 0.295970581745225
1461244136.2955 -0.125563952231754 -2.50533279000429 6.9725797635511 -0.316033118549687 0.874927011548039 0.240426459073884 0.277165853273037
1461244136.37591 -0.099718233566894 -2.47444021069319 6.91489683979855 -0.318707491013825 0.888786199764205 0.2242951158177 0.241197693398381
1461244136.49545 -0.0745022789897156 -2.42213536188113 6.82864868870876 -0.327697195415808 0.898145860295872 0.220357674327058 0.193367673397523
1461244136.61745 -0.0550797496306474 -2.37086769338318 6.73494685468329 -0.331781540466258 0.89775352419833 0.241530144985591 0.1600712599393
1461244136.69551 -0.0472983169426251 -2.34368706120366 6.66896062055112 -0.336702714624828 0.899762040529587 0.244315049564327 0.131794191612098
1461244136.77546 -0.0442653366986061 -2.31659500265977 6.60500946448332 -0.335465120814357 0.901032749531358 0.255958516002773 0.100440903394124
1461244136.89551 -0.0450838409187153 -2.27282278592295 6.50497448125656 -0.342155708209085 0.898727999338247 0.267120715982668 0.0621609012025859
1461244136.97539 -0.0519814017478028 -2.24516551103932 6.43300540375325 -0.346910428042635 0.901353424055929 0.257862022494935 0.0268763318321091
1461244137.05553 -0.0620785626760147 -2.21986644646844 6.35874430825004 -0.348186995034107 0.90437036816957 0.246600707547502 -0.00825498049822359
1461244137.13588 -0.0724781467188156 -2.19878126495101 6.28473088796159 -0.352605940156201 0.902726628754983 0.243216928479723 -0.0399901288334248
1461244137.21535 -0.0855871728859876 -2.18503164838298 6.21139786003443 -0.352121786535017 0.901030978214621 0.240367639173728 -0.0798550047463505
1461244137.37534 -0.106423737635674 -2.16160162633311 6.06407953861538 -0.36052376347671 0.895146966682079 0.243346228995914 -0.0975558139832236
1461244137.4954 -0.147158238963524 -2.14604589166477 5.95527379752527 -0.359955736455519 0.895396244287606 0.225997428441859 -0.132750125597232
1461244137.61782 -0.194357959230389 -2.13152437333416 5.84855594397092 -0.368827063387143 0.89260454885051 0.212436564735682 -0.148641927624396
1461244137.73541 -0.241812872450076 -2.12136284869209 5.74610393564077 -0.36482458509504 0.891018521404563 0.222933811690742 -0.152609083049785
1461244137.85537 -0.287426639727826 -2.11895223554995 5.64458645665475 -0.362292074627089 0.889623770674043 0.228336043085265 -0.158671518371328
1461244137.93537 -0.315721178787267 -2.11237206477977 5.57675644639073 -0.365383260140139 0.88689018089904 0.240375334529117 -0.148797106101722
1461244138.01732 -0.3482816529062 -2.10373527611691 5.50875218256424 -0.370871931840158 0.884673738298214 0.243424156816072 -0.14335643277159
1461244138.13529 -0.403896504296401 -2.08586431801795 5.403269629078 -0.380396450153775 0.883602673898417 0.236852186640777 -0.135815673150991
1461244138.21789 -0.443257272150542 -2.07080000179961 5.32935016570107 -0.385028901282682 0.882193232483047 0.238506863635474 -0.128849997038935
1461244138.29537 -0.482029708688565 -2.06064023949791 5.25517197202487 -0.393669570778444 0.875845275714705 0.247362520653984 -0.129348774354674
1461244138.37527 -0.517240032691977 -2.06071306083528 5.18208114105423 -0.399127542233554 0.872075753123528 0.2474985485767 -0.13757017953416
1461244138.45536 -0.548006080052233 -2.0614909372368 5.1056170401434 -0.394813210038059 0.875987167027896 0.242204591059118 -0.134558345901585
1461244138.53535 -0.576081856651218 -2.06159512002952 5.030092546052 -0.403910394243297 0.8731964915338 0.24358579994594 -0.12267941416547
1461244138.61541 -0.609438555822641 -2.05900075279935 4.95201841899459 -0.412419833811209 0.872995585147692 0.234339562405658 -0.113461704919761
1461244138.69693 -0.647847807170111 -2.05486828818259 4.8728461801407 -0.408176907647676 0.878909153532964 0.221107917148657 -0.109643061218358
1461244138.77536 -0.684393564466837 -2.05408689411674 4.79301982326077 -0.411778131594956 0.881276610652134 0.206185255949399 -0.106197674582518
1461244138.85531 -0.716679367922774 -2.05270054478644 4.71416659181023 -0.416259419422448 0.881235494414481 0.202467074758326 -0.0957036193931964
1461244138.93532 -0.745894842273359 -2.05043726811833 4.63754372438179 -0.410792411146108 0.88439417165642 0.20527114099558 -0.0834284289633602
1461244139.01886 -0.772880677803672 -2.04699376592347 4.56455508472008 -0.408130541147988 0.884765479007658 0.209640873772538 -0.0816713694172408
1461244139.09638 -0.796291317346191 -2.03477570089191 4.49142496650128 -0.407256112328783 0.884084839946578 0.216220719725765 -0.0760595497537967
1461244139.17531 -0.812199246119513 -2.0137933168079 4.41592512626133 -0.404295377891494 0.886110218884559 0.220255372341943 -0.0533057066217519
1461244139.29534 -0.84325855325097 -1.9776487783608 4.29876483026912 -0.406305447445869 0.886806382810853 0.216683940268888 -0.0392223509149082
1461244139.37802 -0.865411513879314 -1.95341936758034 4.21731330880224 -0.408281102022969 0.886258948081193 0.215948973410213 -0.0348949790084846
1461244139.45531 -0.886131553996867 -1.93342872144366 4.13518144415006 -0.416330506605522 0.880140452834396 0.225646578959973 -0.0332462623119556
1461244139.57523 -0.909130101953537 -1.90991819339433 4.00730601510773 -0.423328725583437 0.872688056361121 0.242236425688344 -0.0230186978408187
1461244139.69524 -0.930093234949411 -1.89521068913164 3.88069029097848 -0.419578971684987 0.874973271280906 0.240676929016195 -0.0212103018152299
1461244139.8153 -0.952619469016151 -1.88499218766929 3.76214593731436 -0.417077343544263 0.881561980731209 0.219590163730583 -0.025983141151593
1461244139.93601 -0.973977875842322 -1.86989569449156 3.65621214589844 -0.424281489667481 0.88161497846122 0.204299014734912 -0.0316569085147197
1461244140.05528 -0.987452367530581 -1.84857921009371 3.56200535696894 -0.419944729783647 0.880968011057871 0.216509979096657 -0.0257917888337286
1461244140.17518 -1.0002177952715 -1.82885116125941 3.47047063041594 -0.406366128893765 0.885438730685167 0.223606760296354 -0.0294081662179893
1461244140.29536 -1.01356852494968 -1.81126536579304 3.37686891167435 -0.406370800313044 0.886242729579051 0.22071779924953 -0.0268374740922562
1461244140.41774 -1.02732543592108 -1.79481463176536 3.27568403805485 -0.41795748113287 0.882463948927865 0.211615445641945 -0.0422826911805134
1461244140.49587 -1.03143791507252 -1.78393371858808 3.2021465746685 -0.421377591188836 0.882310998549558 0.202091040109023 -0.055923510172637
1461244140.57511 -1.03478710066226 -1.77547240033011 3.12595319842862 -0.419862301881981 0.883904187047171 0.193044958176576 -0.0718517898277272
1461244140.65594 -1.03803325121504 -1.77216709985393 3.04982727588182 -0.41526391205454 0.885661607625409 0.188208376409735 -0.0879602590534269
1461244140.7352 -1.04517571252291 -1.77612504266985 2.97303726920582 -0.400609050331873 0.892796589025234 0.171704500172679 -0.113772597920385
1461244140.81744 -1.06039567886291 -1.78661851126816 2.90241051199115 -0.383857314197005 0.898054093846412 0.154324706191477 -0.149453310174368
1461244140.89524 -1.0765502871488 -1.79783983645621 2.83578352645449 -0.368864767060595 0.905112272804869 0.131206242170566 -0.165817608397954
1461244141.01763 -1.10547303881799 -1.80575582521214 2.74279283419794 -0.36752744674505 0.905091849371694 0.112779121723611 -0.181695321330083
1461244141.17516 -1.14606842027503 -1.7983815208468 2.63632252107432 -0.385203879168663 0.896464003506592 0.114279550745363 -0.186843373368676
1461244141.29523 -1.18785364887173 -1.79742104979911 2.56987769560574 -0.387563214763733 0.889299647181504 0.122085614147456 -0.209847551577548
1461244141.45571 -1.24701995289466 -1.80296221809758 2.48767973349612 -0.389031111004049 0.883806246236285 0.125924739991216 -0.227341755167912
1461244141.6177 -1.30944425834796 -1.80806426989065 2.41569001505581 -0.405917910541924 0.875932419998343 0.122070960183502 -0.230373015296938
1461244141.73585 -1.3684661988895 -1.8196145301693 2.37366272434015 -0.428423504049657 0.857492539463988 0.119269359072044 -0.258717347558989
1461244141.85629 -1.43662480973336 -1.83038789119082 2.33573194837919 -0.433420423709254 0.844989816485794 0.128101007906521 -0.28588297976677
1461244141.97504 -1.50766373880501 -1.83887830840076 2.29981726945964 -0.435360014507935 0.836648321695876 0.138766341665032 -0.302035007891517
1461244142.09515 -1.58514255609565 -1.84031345914805 2.27380020017289 -0.413041625688811 0.841188907793418 0.148057107084913 -0.316033115187803
1461244142.21511 -1.66371459302642 -1.83757693719717 2.25085537769227 -0.392415550890362 0.846370555273622 0.161510282189476 -0.321840561974887
1461244142.33514 -1.74197262207822 -1.84545437813374 2.22144811583501 -0.389356689763073 0.842488484027448 0.177053482927516 -0.327515780690199
1461244142.41637 -1.78752385157307 -1.85887523556528 2.19801263942612 -0.398032492441614 0.840235077222491 0.176428664258289 -0.323184276216629
1461244142.5351 -1.85439160918477 -1.87336597566273 2.16537554577216 -0.397386719072209 0.843268370661053 0.188704028180556 -0.308825258513791
1461244142.65549 -1.91928009040248 -1.87787406196556 2.13626085738204 -0.375188469962274 0.853688598514896 0.198298307597737 -0.301872771175066
1461244142.77498 -1.98160423109568 -1.87402025765023 2.10625956107988 -0.358191001708849 0.85666560591886 0.210290478673127 -0.305943067432343
1461244142.89546 -2.0381983255095 -1.85424332471632 2.06029338807252 -0.350847313038344 0.864226440832772 0.221748907044277 -0.28433473956582
1461244142.97496 -2.07664201534533 -1.83760066085579 2.02421007335853 -0.352768024404613 0.86262330135513 0.238113443965439 -0.273382056323673
1461244143.05506 -2.11496446870336 -1.82508631196823 1.98469622557415 -0.352592725408896 0.861649060045741 0.247114324896765 -0.268651777849753
1461244143.13628 -2.15316521622954 -1.81701919945436 1.94217450947527 -0.34932001424227 0.863321263227121 0.2443835413577 -0.270052974105411
1461244143.21814 -2.18879061346443 -1.81125020103217 1.8980190623394 -0.34638787109294 0.861719082166785 0.25413083599914 -0.269950336883867
1461244143.29516 -2.21936815349249 -1.80833554381631 1.84926402563125 -0.346794469156715 0.861974373397831 0.260106296050361 -0.262827872423552
1461244143.37515 -2.24672749857643 -1.80762743181076 1.80019307887756 -0.343710878868372 0.865056775958895 0.261647368307693 -0.255108331445274
1461244143.45486 -2.27420897910099 -1.80743967972618 1.75239998835969 -0.344325736725088 0.865404839687279 0.26067289478784 -0.25409425888337
1461244143.53506 -2.30105029586814 -1.80143524368778 1.70395942984331 -0.339267363262073 0.867410303208984 0.267061584384522 -0.247336071486001
1461244143.65605 -2.3406401944757 -1.78893501628073 1.62783375349223 -0.348927646336918 0.867720509492629 0.269517665921081 -0.229501291464957
1461244143.73679 -2.36629893821445 -1.77673273824605 1.57456603482202 -0.357373691935402 0.868155704226551 0.271866059010588 -0.211373043431307
1461244143.82126 -2.39157380579755 -1.76179020232493 1.51970499325414 -0.36403102798876 0.86753530157533 0.278269502676744 -0.193468330902205
1461244143.89646 -2.41540336521224 -1.74537189379263 1.46251486701755 -0.367839984366159 0.867892048639612 0.284833554686563 -0.174146443932276
1461244143.97617 -2.43227408844341 -1.72890966846211 1.40595949593046 -0.380448213728435 0.861859081065819 0.298409680773482 -0.153002429640489
1461244144.05497 -2.44023163981781 -1.7141261001801 1.34804889973839 -0.397782134590306 0.853975314896785 0.308076581248205 -0.132606014321129
1461244144.13745 -2.4346775394468 -1.70101268735257 1.29106524045588 -0.41373923615888 0.851185035474427 0.306549980908532 -0.101641473090678
1461244144.21797 -2.42439732836989 -1.68655997426446 1.2388572106876 -0.414285784927823 0.854758992671693 0.302924343613083 -0.0774028093817926
1461244144.29488 -2.40987098034083 -1.66731228096767 1.1884261463515 -0.410062609320136 0.859990289945827 0.299755231755511 -0.0491137320069798
1461244144.37778 -2.38671655543835 -1.64030526193431 1.13644373097721 -0.415296856328372 0.8593912315725 0.298268377138465 -0.00334774838645023
1461244144.45611 -2.35510423750258 -1.60752367420114 1.08559286984521 -0.429423067406143 0.852346000578462 0.294057455673411 0.051306307996967
1461244144.53495 -2.31733476232765 -1.57052243987342 1.03772700965234 -0.434346126055947 0.846204052537156 0.288456194559339 0.109887069622549
1461244144.61772 -2.27834330941331 -1.53673209468175 0.992581812592706 -0.432285881775384 0.844130097727578 0.274895628446418 0.158131868986483
1461244144.69505 -2.23961525046958 -1.5082455517591 0.952015925731522 -0.416632745516299 0.848893736122145 0.258131690696263 0.197900506301593
1461244144.7749 -2.20473424662373 -1.48142671307174 0.921008526873428 -0.394907984304066 0.848050106888418 0.262305953139947 0.236757865944905
1461244144.89498 -2.15337324931263 -1.44997407401387 0.889802585434038 -0.396634942135334 0.824756668477015 0.266214048192924 0.302633839853925
1461244145.01721 -2.10399720872665 -1.42541382259163 0.868558835693855 -0.387683497677666 0.801578847136106 0.271182635776838 0.365558251863489
1461244145.13499 -2.05930705813244 -1.39367200965817 0.844284001013655 -0.392956261059073 0.775799767412061 0.267815688052663 0.414722624184821
1461244145.25543 -2.01377834138415 -1.3554858600969 0.81624388161575 -0.373491983868664 0.758522341256364 0.272962996857033 0.458954026180882
1461244145.37674 -1.96776796539843 -1.32122504706571 0.781380347413231 -0.348236761682656 0.749847634196898 0.268994354853949 0.494066514103921
1461244145.49495 -1.91986780982408 -1.29654732380935 0.748326375324063 -0.319218962155524 0.742271870509314 0.264559683259885 0.526440783416694
1461244145.61664 -1.87075428449014 -1.27201360109039 0.724502706068234 -0.311262707053515 0.712594975294248 0.263566763468763 0.570838409339901
1461244145.73492 -1.82037708928823 -1.24030882287644 0.702642653157422 -0.302961458109992 0.682518816869289 0.267780765919212 0.608831570241668
1461244145.85493 -1.76322147534466 -1.19702732172247 0.682696313524268 -0.299215779810227 0.654712879456881 0.257744333133186 0.644506649557292
1461244145.97635 -1.69517272739542 -1.14356227321325 0.66311876876825 -0.289632876905681 0.633494676706361 0.2440804687646 0.674701427275572
1461244146.09489 -1.61670774790067 -1.09860906892139 0.638224857950699 -0.273575170188816 0.6271351489761 0.221201875719847 0.694930112567377
1461244146.17524 -1.56434499770755 -1.07561549682154 0.625878445433954 -0.259423224583932 0.610197436687231 0.218977802304619 0.715826376228654
1461244146.29778 -1.49180591954213 -1.04467775494909 0.603127196817146 -0.262951277877614 0.581638007988532 0.211693979424521 0.74009425899751
1461244146.41719 -1.42504046685674 -1.00908957543312 0.582839892247817 -0.254744349750532 0.558701299891809 0.220553124464145 0.757835399713213
1461244146.53529 -1.35635009499729 -0.963721005474896 0.567252394993519 -0.252465345114646 0.531298963143895 0.213432558543205 0.78001872043693
1461244146.61724 -1.30836779078043 -0.930557515438855 0.554421651912481 -0.241530238866653 0.519161261732187 0.208072787928709 0.792994604617986
1461244146.69485 -1.25780935857927 -0.898111432378964 0.538627798970181 -0.228756720855804 0.504796137605608 0.20272292768392 0.807313220945266
1461244146.77477 -1.20841487676035 -0.871963188459294 0.521621292598461 -0.216743813893277 0.490792433338556 0.189341573457627 0.822371372967959
1461244146.85464 -1.16317564580764 -0.850388552702619 0.507700348364266 -0.20629101529931 0.460164451418392 0.190837730591568 0.842183860709911
1461244146.93493 -1.11892722962021 -0.832013100205553 0.488618269903798 -0.20504093419657 0.444222517106981 0.179555232909068 0.853454444556888
1461244147.05501 -1.05509240213639 -0.801512425545385 0.463019020904643 -0.198568576370325 0.41836790727897 0.174254811280648 0.869007523202661
1461244147.17484 -0.992481408089279 -0.759100474871841 0.448238477314727 -0.192263854398975 0.396353445313981 0.167705989129929 0.881937218791303
1461244147.2548 -0.950418271372749 -0.725576471284045 0.44233892277684 -0.186588864592812 0.379353954734646 0.156682278871965 0.892595001176142
1461244147.33491 -0.908972988786663 -0.688116048636764 0.440225783502952 -0.180962728604821 0.372610191912203 0.151955675712928 0.897398244013034
1461244147.45488 -0.846518834566099 -0.643256874441156 0.440643947815783 -0.166543795561326 0.359640851839833 0.140382311229526 0.907311649072028
1461244147.53476 -0.812525762524988 -0.620750198994811 0.444323663069497 -0.154325614251213 0.336292736085399 0.141237348045712 0.918228082754604
1461244147.65486 -0.774888435125935 -0.598814585043804 0.443437517710734 -0.155816147135792 0.296980327394405 0.118120305576649 0.934650526583572
1461244147.77487 -0.748440475005475 -0.595133706872608 0.435401991961404 -0.14029822742104 0.265916257052431 0.107882320714357 0.947610867653502
1461244147.89482 -0.732671764461236 -0.618940063590761 0.425055497681879 -0.106738396399669 0.229103534998669 0.078456658889191 0.964345911828886
1461244147.9747 -0.731966504157855 -0.642363614159308 0.41536236329156 -0.0754099167362876 0.199814859496197 0.0649885674483723 0.974763485407281
1461244148.05484 -0.741072941060313 -0.670281178665541 0.401540149373696 -0.0378692649040038 0.164836048858315 0.0489914325541674 0.984375352855149
1461244148.13482 -0.755245054220837 -0.701357221873924 0.378087113502071 -0.00346730848621039 0.128584320057767 0.0366181538129234 0.991016226516234
1461244148.21758 -0.775087887147161 -0.735750743448269 0.34671222433339 0.0371579724789529 0.0936907450672707 0.0224914899654842 0.994653438263361
1461244148.29472 -0.80051601166678 -0.76681965020693 0.31067249486947 0.0660521136035016 0.0562683704526893 0.0168039382163574 0.996086651067833
1461244148.41736 -0.841748395028679 -0.804073422140944 0.25197127643324 0.0937194818171115 0.0248114410145244 0.0195155424352455 0.995098082967791
1461244148.53469 -0.894300246602782 -0.829391652906519 0.189682481145616 0.106584494250979 -0.00244850361198655 0.019464911247098 0.994110088292774
1461244148.65475 -0.957922333935889 -0.848434047206854 0.115140001156762 0.126691341316592 -0.0169797877380243 0.0125309168755635 0.991717685113073
1461244148.77578 -1.03813913972404 -0.864608934762721 0.0315663987726416 0.144786146311894 -0.0334762391316337 0.017314525101174 0.988744921842976
1461244148.89575 -1.12786872543829 -0.881550966447142 -0.0591723613163789 0.157287513012339 -0.0606310311593167 0.0196261861700283 0.985494459206834
1461244149.01687 -1.21338488810425 -0.895669348851805 -0.155135512392089 0.159214820335643 -0.0849268778097444 0.0196061808760364 0.983388867174341
1461244149.13473 -1.3018909781545 -0.912959551990844 -0.258093502401135 0.177435722204502 -0.120584292016949 0.0118967017932901 0.976644490841462
1461244149.25473 -1.3891862410199 -0.919675559054311 -0.36597854395899 0.193648519121516 -0.153288199244899 -0.00995395132163845 0.968970535087309
1461244149.37468 -1.47861519229374 -0.91040392457549 -0.479165454338086 0.201406700415423 -0.19869282465978 -0.0258841311713736 0.958794302345395
1461244149.49474 -1.56605916612222 -0.888238651220957 -0.590722943315913 0.192804810283629 -0.236854781936797 -0.0446631079932386 0.951173656168815
1461244149.61721 -1.65062069779434 -0.865960330832837 -0.703277060073667 0.188473674150155 -0.268224773365314 -0.0574067655466051 0.942993959882535
1461244149.73505 -1.7412098411433 -0.855799326781522 -0.817933429394835 0.198222667834708 -0.298873380326512 -0.0665183769187958 0.931105677149906
1461244149.85463 -1.8359005998526 -0.852572576482393 -0.926415526358551 0.210516697228639 -0.321322762420208 -0.0608457843733643 0.921266624307308
1461244149.97464 -1.93675518728929 -0.850356904764802 -1.02615613810442 0.209071771540955 -0.327657204846771 -0.067355941364389 0.918908552370499
1461244150.09445 -2.03949817199852 -0.850686690539252 -1.13112112839759 0.199017664222173 -0.340064515707484 -0.0729346802930016 0.916203376382527
1461244150.2171 -2.12942178508547 -0.858488421330962 -1.24290012398888 0.199443074762396 -0.35644948185196 -0.0762607573600714 0.909588106619507
1461244150.33463 -2.2107057667037 -0.86869696882968 -1.35357979756927 0.201517454065942 -0.369288067080626 -0.0614060456336761 0.905122277252235
1461244150.45465 -2.28602410518372 -0.875370870226637 -1.46144651747211 0.208022556085585 -0.395094977661321 -0.0499464461533172 0.893382296278068
1461244150.57704 -2.35160847715717 -0.881423865486168 -1.56286913413292 0.214617426457716 -0.413701184352055 -0.0529956869505099 0.883165979581991
1461244150.73461 -2.41390698654005 -0.904782443777891 -1.6762692777104 0.210516789485444 -0.426755274567734 -0.0267028237068823 0.879118636009633
1461244150.85458 -2.4452396843252 -0.940198059332432 -1.75382150554303 0.228315001909344 -0.445076995202228 -0.0364765148299242 0.865129003161236
1461244151.01669 -2.45948595439003 -0.996834832774766 -1.82250167469327 0.250424527627448 -0.458855954013187 -0.00679365755890411 0.852462676981338
1461244151.33465 -2.41876594024186 -1.07787111750924 -1.81182088238311 0.255403460088121 -0.44866135698154 0.0487196156451255 0.855042957036598
1461244151.49447 -2.34543556641123 -1.08723346879132 -1.74043800791552 0.257003111497128 -0.414420268525317 0.0712808862248026 0.870128885266548
1461244151.65461 -2.25134457112005 -1.06579011545089 -1.64097320052803 0.263589771603807 -0.387583364543295 0.0908383124334104 0.878662602384671
1461244151.77448 -2.18069254947221 -1.02346141811174 -1.5463073147755 0.245630030040492 -0.367521984420467 0.0851948314502184 0.892936347117821
1461244151.89532 -2.10612443536715 -0.971477337524033 -1.43684106091127 0.216873535180062 -0.35861398064536 0.10722081470357 0.901590583091069
1461244151.97441 -2.05453622941907 -0.933234274050185 -1.35289942769003 0.186219411089909 -0.334430657932435 0.0866785592290821 0.919763716036992
1461244152.09447 -1.96896579798169 -0.885186935537921 -1.22888918880557 0.165412364896558 -0.303607680530711 0.107810757622332 0.932114781774749
1461244152.17445 -1.90799255098773 -0.856958425474477 -1.14579243800559 0.16142051977756 -0.273208780865169 0.089138699718773 0.944115813904924
1461244152.25449 -1.8441336525178 -0.830802692533292 -1.06666144490509 0.157289487954638 -0.241685475397322 0.0758592603829888 0.954512189851488
1461244152.37445 -1.75088507560406 -0.800426396328097 -0.957129988385842 0.146110309419978 -0.218936313487207 0.0740806600062716 0.96188914326489
1461244152.49443 -1.65903371384875 -0.777936512524484 -0.850763297835746 0.116847237089133 -0.197051152054826 0.0546531864101253 0.971869639341471
1461244152.61695 -1.57814746020359 -0.763211690982927 -0.743450054439095 0.108801786099223 -0.197962875314684 0.0558522400607018 0.972549946593471
1461244152.73455 -1.50328217613981 -0.744827661263038 -0.633929759007092 0.104294634383156 -0.202962140771829 0.0530526999792093 0.972169948968346
1461244152.85454 -1.42641773424912 -0.729095242847654 -0.53399024082864 0.113302506388788 -0.200779351231166 0.02927314685611 0.972621857166675
1461244152.97439 -1.35361078657107 -0.718252015281684 -0.446773162209104 0.126189937798988 -0.204948700838407 0.0321641245141831 0.970070924580864
1461244153.09488 -1.29280358846278 -0.706004071849515 -0.358909002426138 0.113534696351512 -0.218974602023861 0.0228611306511581 0.968832991334529
1461244153.21458 -1.23328696078513 -0.694266861825352 -0.262595363940547 0.0989671022655155 -0.229191176677868 0.0165820769815765 0.968195203419826
1461244153.3344 -1.16926358882007 -0.681594531745159 -0.157110199831606 0.102630751044131 -0.223097597504455 0.0238490147355539 0.969084937156698
1461244153.41438 -1.12058730917838 -0.668829815506649 -0.0854171526408729 0.104529395946803 -0.202283958963649 0.0247880248017378 0.973416847581455
1461244153.49528 -1.06958389516702 -0.657198764031929 -0.0162025604341589 0.108031786617541 -0.177434275210859 0.0190023520233607 0.978000573454944
1461244153.61438 -0.996893904011089 -0.647195192910642 0.0715864772338733 0.104374633691153 -0.165574682830687 0.0226015606375821 0.98039794456338
1461244153.73439 -0.920961955280154 -0.636256778754548 0.143113551144315 0.0973208964449478 -0.151367240983461 0.0344308502402477 0.983072285248618
1461244153.8545 -0.852948766799919 -0.618800736591043 0.202885330023919 0.100031057433671 -0.158610141203013 0.0375656708165484 0.981542373528705
1461244153.97445 -0.784253909034074 -0.589122222844189 0.25517146863888 0.0995968808888253 -0.161016615731685 0.0288956851200962 0.981488232306925
1461244154.09442 -0.72035428787402 -0.548154637568182 0.30091725352469 0.0992361416138659 -0.173910215260899 0.0411881818507406 0.978882505156431
1461244154.21585 -0.66224141849177 -0.507364956668052 0.339238981750798 0.0931057228332361 -0.174708783442667 0.0611617516593174 0.978298219101746
1461244154.33435 -0.610624607703521 -0.480032289874688 0.367225300832267 0.0756341465532334 -0.167071864780463 0.0639907562771146 0.980954459179949
1461244154.4944 -0.556725037254706 -0.458197770490299 0.402175970419151 0.0619323592271733 -0.149379542429427 0.0673331329654934 0.984538665766451
1461244154.69423 -0.514954614629734 -0.438161913808393 0.439681472406271 0.061339728141245 -0.121355440358334 0.0725219657742535 0.988054077126971
1461244155.4945 -0.49286194845057 -0.396881523006638 0.47802131507374 0.0399256055588348 -0.118269248170541 0.062886705231488 0.990183615933461
1461244156.93419 -0.4938783669147 -0.363714041054864 0.492884666762612 0.0139273043090941 -0.0889649039910481 0.0483788070976244 0.99476166345329
