1461161170.97319 0 0 0 0 0 0 1
1461161171.17307 -0.0358024767189203 -0.0179108084706328 0.0410838882017893 0.0381276792885576 0.00517607090676713 0.000703041760766171 0.999259222671635
1461161171.33307 -0.0734851761057725 -0.0356830159787057 0.0808097757912642 0.0611378359257377 -0.00650361314963029 0.0140256941664052 0.998009593108938
1461161171.47311 -0.111887773057289 -0.0585631773814577 0.117148254842102 0.0808139485311885 -0.0175655143569654 0.0313040683291504 0.996082633988876
1461161171.61302 -0.14878248795791 -0.0829242804480088 0.150289501852592 0.0929383746912282 -0.0147287267442033 0.0576148644860981 0.993894385993047
1461161171.75301 -0.190653223718304 -0.106676215965255 0.183217797705121 0.118899966036253 -0.0130582908408206 0.058317270805334 0.991106137122918
1461161171.89305 -0.235814611946424 -0.12617754777237 0.218377262425535 0.134849487139335 -0.00520035605253147 0.0651038437969856 0.988711313598688
1461161172.03302 -0.284809621508764 -0.148470089306561 0.252060480423299 0.144189562201501 -0.0165957342466545 0.0932188149143068 0.985009748328881
1461161172.13307 -0.323697041360565 -0.165252010988277 0.272559910172081 0.153334761834181 -0.0411000185849508 0.111277486762667 0.981028317748961
1461161172.25299 -0.372058453609516 -0.183916219866603 0.291153544906223 0.161621267395018 -0.0626657089580348 0.114190469142332 0.978218846477346
1461161172.393 -0.427168827725081 -0.20285653262618 0.308584381870468 0.165864767937393 -0.0721654396723274 0.123671386282425 0.975697912413959
1461161172.51303 -0.47669662483727 -0.215181598907134 0.315723120993289 0.183642545674376 -0.0865351578008519 0.135297706402751 0.969784312372999
1461161172.63302 -0.531189145411906 -0.220700895372633 0.31989615679108 0.180029686447899 -0.105879520582347 0.156512099571293 0.96534076978366
1461161172.75306 -0.591722619225652 -0.225576272248099 0.320894214561098 0.180903270885079 -0.119204024366613 0.171166241634683 0.961127735986503
1461161172.873 -0.652476617656422 -0.228037359982902 0.319017682945724 0.167632705431032 -0.119101260569916 0.175717535778055 0.96272400687872
1461161172.993 -0.713902779058903 -0.230871795820382 0.313648034959506 0.168104009049832 -0.121955605657427 0.177873466764045 0.961888196315686
1461161173.11329 -0.779433623506674 -0.231828954841918 0.30450951481443 0.176832175635399 -0.134708007666994 0.177926482601219 0.958606437032215
1461161173.23497 -0.846150530666021 -0.224413359063655 0.294706235699443 0.172270215052891 -0.145824214570207 0.177439408165572 0.95790058350565
1461161173.35296 -0.913972905515751 -0.216748201124925 0.283925730759878 0.160456962662417 -0.149999151467434 0.183492290243679 0.958167207283432
1461161173.4347 -0.961059145440042 -0.208774761198419 0.274805151454478 0.1303894924693 -0.157737112770584 0.200961250214541 0.957983381599392
1461161173.53469 -1.01736733470497 -0.21079392982455 0.260598470142137 0.12565509816152 -0.16732227345837 0.210113561875393 0.955021645946717
1461161173.65292 -1.08630992237521 -0.213609134145902 0.241891798157219 0.13140479507365 -0.175564380971 0.204408609131508 0.954005790589787
1461161173.75297 -1.15004914060868 -0.205833050378998 0.224934394362336 0.120528250434899 -0.197410937184629 0.199343231921667 0.952241638773486
1461161173.85295 -1.21013274809744 -0.193733849482743 0.207621628568662 0.117354524084511 -0.209415113541649 0.198102618285885 0.950330773218206
1461161173.95292 -1.26922941791745 -0.177230585155518 0.191815791402978 0.112377306485966 -0.215939342682799 0.191217013527793 0.950882534809738
1461161174.05311 -1.32802138708717 -0.160904882211665 0.177319322129719 0.111494716368238 -0.223445218020374 0.178675506611588 0.95169124515406
1461161174.15294 -1.38513803335078 -0.142304827072616 0.165090246376735 0.101621223764941 -0.22974077750295 0.160206192234885 0.954581729346657
1461161174.25304 -1.44044313842987 -0.117876114276406 0.156775037091605 0.0748576443111577 -0.237542403184129 0.134059338525324 0.959165279569609
1461161174.33473 -1.48439616159253 -0.0968115345014187 0.149202134366964 0.0645460838253402 -0.25524638492603 0.110367365229648 0.958385168258186
1461161174.41295 -1.52468811821544 -0.0724752733298055 0.142694399086543 0.0469091199123806 -0.267636920360674 0.0985773203908837 0.957315269508146
1461161174.51329 -1.56535315458641 -0.0418303241530564 0.136293370782611 0.0271754792338821 -0.265323200366937 0.090915709622285 0.959478726402692
1461161174.65293 -1.6040807121633 -0.00587123485506231 0.13139740342898 0.0229150938852581 -0.247848319061839 0.0739575460744422 0.965699948529095
1461161174.79283 -1.62468437203013 0.0283788752686631 0.128310325699626 0.00948779565924533 -0.227390139814504 0.0465294297409962 0.97264521703273
1461161174.95268 -1.63213593766544 0.0678630078104521 0.121997813166685 -0.0116768550370364 -0.221198405354315 -0.00105994549212803 0.975158342547868
1461161175.15283 -1.61562957657674 0.10391348604625 0.113763421876901 -0.0271650987312342 -0.199552446737828 -0.0251461432620888 0.979187699009189
1461161175.2931 -1.58747019128443 0.122207250421294 0.111358981816103 -0.0541282462146371 -0.166945280539002 -0.0192531805796456 0.984290973902051
1461161175.47283 -1.53705523200757 0.129878626671322 0.1145685470326 -0.0662236759038767 -0.141265617396403 -0.0071299902910031 0.987728511955508
1461161175.59297 -1.49076041635713 0.133885154531938 0.120165153939422 -0.0642184620615578 -0.1128442947677 -0.0185431794924913 0.991361843507777
1461161175.71314 -1.43942069928814 0.140883481456131 0.12443848419628 -0.0690648741081135 -0.0909886485427457 -0.0255677248886512 0.993125067876556
1461161175.8128 -1.39047590873521 0.150248270589597 0.126280485618591 -0.0835946163682203 -0.0673219692910455 -0.0212795644216626 0.993995408793748
1461161175.93271 -1.33006438725999 0.15935560622315 0.12602069948179 -0.10934409435563 -0.0537592801237694 -0.00552614238508615 0.99253376294233
1461161176.05274 -1.27216157347145 0.154135812663717 0.130307504121392 -0.0942388226407696 -0.0551836165537594 -0.0242325219372933 0.993723602241533
1461161176.15265 -1.21661556361244 0.144005481410739 0.13699721893735 -0.0763252334556274 -0.0340085366280879 -0.0387773547717093 0.995748057960079
1461161176.25279 -1.16251467822683 0.136904269404202 0.14682010410789 -0.0869632866557146 -0.0322848676935093 -0.017810507020073 0.99552893475365
1461161176.33282 -1.11589403885896 0.129229034922762 0.157485173360959 -0.076739586419297 -0.00880638269472248 -0.0334009727291419 0.996452637369572
1461161176.41273 -1.06982931981472 0.120599699518069 0.170364197139134 -0.0642672760571638 0.0107675531341547 -0.0343751069556324 0.997282371773152
1461161176.51272 -1.01597804070469 0.113616642974453 0.189770253272719 -0.0449565349161165 0.0191283899816508 -0.0379224440468216 0.99808561902402
1461161176.61286 -0.964432120314154 0.104464080378651 0.209641396411246 -0.0222327664850502 0.028408206126083 -0.0425315173038458 0.998443662884868
1461161176.71265 -0.917637479150648 0.0968377980571255 0.228235430247566 -0.00864837889300045 0.0485038720334334 -0.0500816396207319 0.99752915211195
1461161176.8129 -0.871699562621283 0.0899073343757522 0.248929275853341 -0.00565343070083622 0.078165928897207 -0.0515750880971199 0.995589341329407
1461161176.89268 -0.835431994695554 0.0869635269698099 0.2678041042237 -0.0176584868059199 0.111433957413794 -0.045891024124811 0.992554615567124
1461161177.01339 -0.788434498554033 0.0810695158099734 0.304796855851101 -0.0104708606932589 0.130206715769709 -0.0372113221170667 0.990733006289338
1461161177.13282 -0.744934081972057 0.0821208543403883 0.350430474595091 -0.00923402253432513 0.139076131342688 -0.0196846739427322 0.990042966810206
1461161177.25317 -0.703803580735483 0.0825926664499337 0.397339719934811 -0.0153130626182877 0.154812459297966 -0.018798376792934 0.987646309965929
1461161177.37285 -0.672661781416758 0.0758108983745899 0.443724171074049 -0.0112185279215796 0.16631801682076 -0.0121656266150032 0.985933293606188
1461161177.51273 -0.649536731389121 0.0677641365883878 0.503412141072223 -0.0159128288063339 0.158811743494114 -0.01409970290141 0.987079941233653
1461161177.63503 -0.629263091273504 0.0694404897140117 0.560391678796338 -0.0169090971018905 0.165534526958596 -0.00272380096209987 0.986055264033468
1461161177.7348 -0.613234912092627 0.0761026008427295 0.609934863106923 -0.0232764749372302 0.178545558662523 -0.0244928375840378 0.98335130553809
1461161177.85272 -0.59194567780634 0.085184370709709 0.670170006558072 -0.0278887044842913 0.193638891404075 -0.0272868829189672 0.980296703003002
1461161177.93434 -0.572687969601189 0.0883971856749677 0.708899427295125 -0.0356901209189178 0.228336263880413 -0.0329553304670807 0.972369637565742
1461161178.01287 -0.555603371184017 0.0884819844682019 0.748119281550309 -0.0312274666415263 0.25407959489336 -0.0174865849489823 0.966520886547622
1461161178.11319 -0.541309356522251 0.0892316622848525 0.797232829442354 -0.0417610833332631 0.257881766699184 -0.0114278383381315 0.965205890384978
1461161178.2127 -0.526420613033769 0.0888088067056618 0.848335163588366 -0.0383074504424965 0.258474677398927 -0.0157253399271164 0.965130091784674
1461161178.31288 -0.510575105503639 0.0896063972103363 0.900083662714617 -0.0285014131498939 0.257883591611883 -0.0117456010304518 0.965684090933597
1461161178.39273 -0.496653197099501 0.0910707392801055 0.940622740655356 -0.0186244863740404 0.2648191598247 -0.00119517104321557 0.964117478662855
1461161178.47271 -0.481021307586587 0.0919025646873528 0.980824619753213 -0.0153768207668284 0.272562332026861 -0.00344892735874814 0.962009060998522
1461161178.55262 -0.46852193549048 0.09166693612002 1.02180547766101 -0.0201412016392786 0.261598151215323 -0.00774118447611743 0.964935652434999
1461161178.63439 -0.455916629077742 0.087730881736768 1.05903444084867 -0.0218803947158428 0.260056677265984 -0.0146937756658118 0.965233581001582
1461161178.69298 -0.449241913903074 0.0822067946169226 1.08662224166948 -0.00426245131053803 0.23999781054054 -0.0124190296730278 0.970684629602505
1461161178.75271 -0.440998489179709 0.079119766294204 1.11233631664426 -0.00320526372556192 0.232780629135399 -0.0079828628626125 0.972491223037151
1461161178.81302 -0.432399016324058 0.0773170817948104 1.13491707232258 -0.00511968228096901 0.240191108076905 -0.00727164827553277 0.970684883773044
1461161178.87268 -0.424161051871257 0.074597705265992 1.15875693005414 0.00106398347604982 0.235739209493727 -0.0116858121343047 0.971745509298189
1461161178.93455 -0.41586136922131 0.0721322192771163 1.18208840855565 0.0129992930879005 0.232018867705001 -0.00747068040526367 0.972595729140524
1461161178.97262 -0.411492197191573 0.070976803690316 1.19793120126213 0.0170551684795748 0.22108203585859 -0.0111884340129436 0.975041882994311
1461161179.03451 -0.402739754465311 0.0686990435330065 1.22055813210315 0.0281525238855653 0.222540360786299 -0.0104820222640205 0.974460543290098
1461161179.09261 -0.393700571566365 0.0657936007466092 1.24255573172013 0.0431722280239115 0.233505053506723 -0.0187704218444056 0.971215331416291
1461161179.15314 -0.386736983173781 0.0667392200692622 1.26447043255072 0.0374887405205858 0.236169661924779 -0.0217185459147738 0.970745481516068
1461161179.21304 -0.379441282299248 0.0682363010998147 1.28545050737361 0.0271898479742246 0.245357339607762 -0.0251738153014842 0.968724298802764
1461161179.27258 -0.373498540171694 0.0686038146149275 1.30712431624653 0.0255283754507762 0.246140347379274 -0.0209120266353218 0.968672245179378
1461161179.33436 -0.368017001152996 0.0697231504000321 1.32848848155381 0.0178860478364044 0.240227593314564 -0.0251362866398093 0.970226241552478
1461161179.39256 -0.360632969142275 0.0704364283630078 1.34745396204811 0.0169882272525958 0.242201617034475 -0.021986260459666 0.969828016295518
1461161179.47261 -0.35295479232745 0.0720602285324121 1.37222816981834 0.0140568809530879 0.236095268947276 -0.027603820027972 0.971236046076569
1461161179.57254 -0.34408666159718 0.0759260764390425 1.40019472163861 0.0124207527742537 0.228832340209538 -0.0334052411272578 0.972813227109899
1461161179.67267 -0.341591133003426 0.0788615570533105 1.42785084583552 0.0148897619860647 0.202901973300282 -0.0368970111313982 0.978390359104391
1461161179.77312 -0.340918910101358 0.0802084829719274 1.45401819157127 0.0307174431132288 0.172697537521234 -0.0298289569105032 0.984043816378274
1461161179.8726 -0.340296817882831 0.0879269590250829 1.47952031539153 0.00145286672965214 0.140061199851759 -0.0380268874526326 0.989411292286992
1461161179.97255 -0.343272644985717 0.0918296704042379 1.50412136460375 -0.00871148408287157 0.0979895528063949 -0.0462295087420186 0.994074941896912
1461161180.13463 -0.345513104417483 0.0910281768685544 1.53804526745809 0.00849876706161495 0.0527660199051836 -0.0459000924174165 0.997515262849582
1461161180.27254 -0.34480260637987 0.0944821801344607 1.56421058952541 0.00214234157282241 0.0118663272750631 -0.0233476580268882 0.9996546841356
1461161180.41258 -0.34638366851203 0.100033068648319 1.58876046195928 0.0105599357899591 -0.038733336949154 -0.0150846831394927 0.999079911067917
1461161180.61261 -0.34562464743838 0.111543745416144 1.62176210171504 -0.00492692736292671 -0.0790674486970636 -0.0258961882496162 0.996520672829941
1461161180.7929 -0.350190206071495 0.110342320040213 1.64328083796534 -0.0130023736869742 -0.126891655947162 -0.0280248969116543 0.991435348917206
1461161180.97297 -0.354959671824959 0.117468445079648 1.66597307658318 -0.0209943915665168 -0.182468545138653 -0.0429295751685296 0.982049651053135
1461161181.11252 -0.359665897447607 0.125440756423094 1.68357234300664 -0.0365406067766991 -0.23006857428098 -0.0440664736168412 0.971489259378447
1461161181.23564 -0.36720650842013 0.135630665026098 1.69620514738453 -0.0658345237587954 -0.269358427497443 -0.0578326711043797 0.959044959931749
1461161181.37248 -0.376794772932987 0.142201627280549 1.71024140543099 -0.0764048691350671 -0.310900676984736 -0.0597298774949755 0.945481573991435
1461161181.53469 -0.391353233589393 0.14814275616171 1.72802976943722 -0.0800576276105584 -0.35462950296668 -0.0653104524051593 0.929281032139152
1461161181.67244 -0.412091664688282 0.15651957925537 1.74462733209162 -0.0834320821449466 -0.402300605440002 -0.0698244678149785 0.909020271625403
1461161181.85248 -0.441683492638897 0.163942016464876 1.76378094042549 -0.0784127192943805 -0.445932862507271 -0.0670964176143701 0.889096956654476
1461161181.93459 -0.457057318146799 0.167627192711791 1.76988183924606 -0.0810508956159058 -0.466166068702503 -0.0765028214816987 0.877648715042443
1461161181.99269 -0.468968738585767 0.168466241626096 1.77453158561198 -0.0783966782917253 -0.476454840781838 -0.0724372093670826 0.872695591960614
1461161182.09252 -0.490707884963684 0.170602459592488 1.77723284734 -0.0820534186409258 -0.508907898995556 -0.073863592642223 0.853711986861641
1461161182.19232 -0.513833000260793 0.173008585071704 1.77836923615843 -0.0807954032599496 -0.539995820021258 -0.0772408656927722 0.834212482427986
1461161182.29295 -0.539970603108377 0.176005759781672 1.77982495468188 -0.0790689234303174 -0.571539992261927 -0.0770446972638996 0.813113926345086
1461161182.39251 -0.567490704221341 0.178518566465766 1.78184304730578 -0.0777505686300063 -0.598638767553848 -0.0750775303189196 0.793693794545813
1461161182.49243 -0.595067987970318 0.178350728214733 1.78478008666268 -0.0704982984373738 -0.618734850031317 -0.0647242293970588 0.779748645015248
1461161182.55253 -0.611495829767626 0.180433609193626 1.78491433215801 -0.0713350625466896 -0.636797311605314 -0.0690484991602866 0.764612841605094
1461161182.67243 -0.643697793125021 0.1835645794265 1.78567916964057 -0.0707398223114056 -0.658421470782798 -0.0738642418227617 0.745668235967925
1461161182.77248 -0.672875419765494 0.185024168984588 1.78332347903805 -0.058666232817295 -0.68021554444112 -0.0768585696731242 0.726607078478802
1461161182.89248 -0.714299529184555 0.19081169157726 1.78064217614318 -0.0551641265670303 -0.70025094947284 -0.0800122193090231 0.707250713441653
1461161183.07297 -0.789951245594668 0.196649654168688 1.78029619592149 -0.0469642848151445 -0.706353433079208 -0.0799815612808436 0.701756463015552
1461161183.23476 -0.86129896289843 0.195846303521249 1.77776194300504 -0.0376845951826034 -0.715262718602306 -0.0776275233585274 0.693507809819603
1461161183.35317 -0.917376168699444 0.194462325427363 1.77791938985608 -0.0409465144576645 -0.719372616129224 -0.07673970808063 0.689157049823089
1461161183.45236 -0.96532715387739 0.191519879365184 1.78184313630764 -0.0366243364911999 -0.715903105021435 -0.055733288888054 0.695007340038196
1461161183.55245 -1.01362633735561 0.19197525340723 1.78546983511303 -0.0317413994392771 -0.715069147911255 -0.0417654785407373 0.69708266516201
1461161183.65241 -1.0610231121396 0.193928269685047 1.78452304379187 -0.0320092075800646 -0.725345470022417 -0.0284312952489942 0.687052415175524
1461161183.73404 -1.09888759167513 0.194124728677536 1.78223710945723 -0.0339224944338919 -0.735427714112387 -0.021312890042432 0.676417846012989
1461161183.81232 -1.13543654845161 0.192483719509577 1.77656939251421 -0.0370196829993697 -0.754235754408148 -0.0299769964317773 0.654873537049656
1461161183.93411 -1.18920074497657 0.180021270944365 1.77022000765121 -0.0292180351449892 -0.769961014997368 -0.0094346281538603 0.637351809911989
1461161184.03467 -1.23553582907329 0.16649651140337 1.76451121929906 -0.0141541275886603 -0.781486495748964 0.0146635326556712 0.623589206484737
1461161184.1127 -1.27305666770827 0.156623825563209 1.7612989814212 -0.0116845415765365 -0.783866974806068 0.0567341722183431 0.618221053506939
1461161184.2125 -1.32027841272254 0.152567244288899 1.75615537073482 -0.00284632567978626 -0.787297330692759 0.0738016324742365 0.612134078906182
1461161184.2924 -1.35951608978831 0.151059413479729 1.75137079109983 0.00584098249363716 -0.792764216267724 0.0859582634869257 0.60340861550631
1461161184.39237 -1.40810444760174 0.151730384081984 1.7496680873743 0.0123845560118625 -0.793842237262 0.0756606160815391 0.603271577554764
1461161184.51234 -1.46128790112792 0.146794632851898 1.74896485631583 0.024323860917404 -0.802398096518443 0.0793831368627169 0.590985585336466
1461161184.61236 -1.50200983927884 0.140731218239987 1.74945841216744 0.046463756181135 -0.810858511923134 0.0933560687469262 0.575876929066846
1461161184.71235 -1.54139075278245 0.137244159984472 1.75128750057368 0.0598745807691899 -0.812797212891865 0.115464179911545 0.567841305692255
1461161184.81248 -1.5815400880918 0.137999597103267 1.75287419101747 0.0582502071428931 -0.819844102379931 0.124495211282175 0.555844855628315
1461161184.91253 -1.6221054718208 0.137688918002273 1.75512838243061 0.0568926109025835 -0.824486198729409 0.136096190421798 0.546318191059102
1461161185.01226 -1.66200289234299 0.138271853585517 1.75815207671992 0.0523548058234214 -0.827852157452479 0.135570874045051 0.541793611829384
1461161185.11263 -1.7002255478724 0.136922818316982 1.75894937909137 0.0490114041198913 -0.8351308882253 0.137534629194531 0.530319250612817
1461161185.21236 -1.73691030896018 0.13444253317952 1.76065553772799 0.0520131088250862 -0.838653341466376 0.147780552138006 0.52164750336546
1461161185.29226 -1.76786096839118 0.135567096292603 1.76442648470957 0.0571826762446597 -0.833038215071027 0.157605225843737 0.527198318050732
1461161185.37228 -1.80033611415607 0.142221788831253 1.7699516974873 0.0594653128611053 -0.825720239240431 0.150663915471531 0.540324298592839
1461161185.47232 -1.84419374425 0.15165449604011 1.77385749946453 0.0610434065675746 -0.816421254596831 0.140852149811677 0.556678281820471
1461161185.57229 -1.88703512178308 0.159906343289296 1.77510005848007 0.0656798612105113 -0.810787137204548 0.137087983955174 0.565258576785994
1461161185.67233 -1.93066486420665 0.168160945377476 1.77452872432292 0.06060650371368 -0.805737552794484 0.115008342210076 0.577829498162261
1461161185.77233 -1.97059693634799 0.170937904908635 1.77396059023929 0.0516346341373955 -0.802529474444048 0.106461082299893 0.584761784970249
1461161185.85237 -2.00128936329015 0.174450515278085 1.77660792300622 0.0510602642951762 -0.792668848875484 0.100136766649411 0.599200778869257
1461161185.95235 -2.03939793441503 0.175845748326294 1.77906438931443 0.0465951894303007 -0.779994463229638 0.112522504402013 0.613820993169965
1461161186.05238 -2.07996940876381 0.179451173303723 1.781955762736 0.0469470945734377 -0.775412773474018 0.120169982470385 0.618134432269802
1461161186.13418 -2.11364842091276 0.183029057641175 1.78191100991781 0.0469103317496982 -0.779493142343968 0.123459415581474 0.61232967796616
1461161186.23412 -2.15684947092218 0.185467992067643 1.77825836034976 0.0470780987692501 -0.778832817627337 0.130326352112993 0.611733713921226
1461161186.31225 -2.19057098845546 0.187698597402155 1.77140213035216 0.0341007138660462 -0.786533729078552 0.124588488237733 0.603887028287783
1461161186.39223 -2.22237213442185 0.18685833468737 1.75983145418326 0.0308622239169915 -0.797192060997212 0.121721614769837 0.590521963618405
1461161186.47225 -2.25328173690374 0.186000920450999 1.74769761104211 0.0310469416688034 -0.8099965589174 0.118627350166283 0.573471196964164
1461161186.55223 -2.28290737456031 0.186407085471222 1.74149742454999 0.0309393395467178 -0.813575611645851 0.123126996358623 0.567430369447385
1461161186.63418 -2.31230817036363 0.189494163228847 1.73528966718765 0.0322274473927387 -0.821581695067505 0.121740414401474 0.556007357384694
1461161186.7123 -2.34239749056849 0.19497920156188 1.7264986129724 0.0360905632723008 -0.830449332039143 0.117355347347337 0.543395896752465
1461161186.79235 -2.37386907309526 0.200207602434775 1.71746690408613 0.041632601867 -0.834533952922456 0.107812449628958 0.538698694621036
1461161186.89232 -2.41219735790569 0.20528333626555 1.70543051748336 0.0408591389235241 -0.843935832103294 0.105341951164879 0.524410064151447
1461161186.99232 -2.45005346228835 0.207798378882128 1.69395629367687 0.0404027897550383 -0.851992949606139 0.0973607235333092 0.512831861251339
1461161187.11227 -2.49533605382312 0.209264772401435 1.68515475545547 0.0347875039498989 -0.853009655270532 0.0904975069098603 0.512810451168153
1461161187.23409 -2.5402516711463 0.212041909479593 1.67795850403706 0.030543493925639 -0.854106587499966 0.0941272701339382 0.510596797076822
1461161187.35222 -2.58465943961067 0.217701922092079 1.67210642258488 -0.0240851766573062 0.86045488953801 -0.0996216509673456 -0.499112025495336
1461161187.45219 -2.61808651625984 0.219313848273423 1.66559195933199 -0.0236002178810197 0.871456848925214 -0.108630606999929 -0.477708469047945
1461161187.55221 -2.6490858691689 0.219487364396187 1.65688331218424 -0.0191939956547121 0.885847691486612 -0.111698732176172 -0.449920938886914
1461161187.65215 -2.67443170427703 0.217282168339262 1.64550881761922 -0.0144684196879857 0.902912835932776 -0.108569647548491 -0.415634102511765
1461161187.77214 -2.70005110272685 0.215468935126037 1.63259616385947 -0.00843642053255632 0.919567108376413 -0.108506332233935 -0.377559976514963
1461161187.89221 -2.72403886097346 0.216278971712287 1.61907500112657 -0.0115854992457 0.932833583134221 -0.108102570468779 -0.343512906078127
1461161188.01219 -2.74715172592293 0.216992642160948 1.60372467775376 -0.0211731608273042 0.94392794176207 -0.115031631745485 -0.308738500545972
1461161188.13395 -2.7705590435617 0.220151069398136 1.58745705595334 -0.0220902695789378 0.953308380070607 -0.122463185884781 -0.275168894644789
1461161188.23437 -2.78937448146004 0.22165349750916 1.57343408954243 -0.0173055968363331 0.959954312099895 -0.134104203479388 -0.24536564064293
1461161188.33429 -2.8079291758162 0.221202722219098 1.55777081651512 -0.0218653776783584 0.966895441385667 -0.129032873928955 -0.219056221395865
1461161188.41229 -2.82155660591272 0.21542345461785 1.5452204480317 -0.00570331160086158 0.970254900639342 -0.150067627687962 -0.189875240993215
1461161188.51231 -2.83875224599277 0.210117256747918 1.52862413601381 -0.00782293140585634 0.974604529000759 -0.14900354060318 -0.166981312376998
1461161188.61214 -2.8559402567472 0.206942085978026 1.51031049969707 0.00474808977343456 0.976723757477276 -0.160064562516122 -0.142714726112962
1461161188.69208 -2.86666208753507 0.208660106925663 1.49300680559077 0.0141808846720934 0.981076971583666 -0.159086915394572 -0.109445108106211
1461161188.77216 -2.87840215134947 0.211712628878928 1.47423357574343 0.0281181890437484 0.983350344618477 -0.160140792324067 -0.0811566005784063
1461161188.85214 -2.88726531589147 0.212567649156376 1.45492599884564 0.0291296406295556 0.985155765537255 -0.162688175838317 -0.0463911533365916
1461161188.91218 -2.89341959290435 0.205796069571639 1.44413364429215 0.0430764752329896 0.979131812550566 -0.197654965532061 -0.0194377347822571
1461161188.99211 -2.89960197358636 0.199109665620024 1.42907949863641 0.0441399706805856 0.977678537447846 -0.204932540671357 0.0141065295569531
1461161189.07217 -2.9068192729878 0.19289192279905 1.41352237808086 0.0587541916729776 0.974197299944028 -0.21423692516156 0.0398761286980082
1461161189.15216 -2.91298381229723 0.190550875092034 1.39592986148164 0.0664925247340605 0.97469343222103 -0.204989109774487 0.0594215635400276
1461161189.23389 -2.91643740934862 0.189664797573253 1.37703895753196 0.0670397365878085 0.974245778316145 -0.199279050602391 0.0814782004122311
1461161189.31212 -2.91660975085241 0.189631988381385 1.35676791327151 0.0667285987918479 0.972553563677493 -0.196772172290079 0.104726176735946
1461161189.37209 -2.915177120431 0.191964126691659 1.3404405588856 0.0587920386905023 0.973803475821248 -0.185972770893806 0.116894889328624
1461161189.4339 -2.9134625244201 0.193851769887915 1.32340173792996 0.054999926715635 0.972887106499255 -0.182733132026938 0.13066862105497
1461161189.49211 -2.91278422014967 0.196287226192785 1.30445270098181 0.0507655477056899 0.974461386063918 -0.176231221844351 0.129577863401805
1461161189.55201 -2.91371338509566 0.200260823853921 1.2839341477305 0.0411173751318576 0.978153404455032 -0.160127327625745 0.126033796113324
1461161189.63426 -2.91384725401422 0.202614789039213 1.26042060538091 0.0375240252884905 0.978745711136096 -0.152388501648355 0.132009564139178
1461161189.71222 -2.91728647895978 0.202678371250161 1.2374248742417 0.0396013641669704 0.981155707841888 -0.151909922096465 0.112643617191765
1461161189.83277 -2.91374070222739 0.2021007015203 1.20471176327705 0.0427886574516694 0.981351163404907 -0.136902608435492 0.127971483858232
1461161189.93394 -2.90739604526598 0.193792045289848 1.18418436691778 0.0627587309379228 0.973568843881065 -0.160203772422122 0.150199198456144
1461161190.052 -2.90188791053469 0.190417713239393 1.15711990456103 0.0671254051180139 0.970716671367024 -0.165149463957198 0.161024775958601
1461161190.17229 -2.89824094197687 0.188397433608648 1.12618619933931 0.0799018648797366 0.967701922279779 -0.173478842063263 0.164541098091481
1461161190.27228 -2.89563481307302 0.187522114050686 1.09688531909667 0.0854430099199193 0.966980152918287 -0.173536840430156 0.165933242394254
1461161190.37207 -2.89047586376864 0.183989722785107 1.06896983398502 0.093616623381062 0.960946220262155 -0.184913283997008 0.183372208886868
1461161190.49211 -2.88569225378484 0.18286731179933 1.03285783596806 0.0975159488471819 0.96241140384342 -0.16864197099872 0.189248025327185
1461161190.59207 -2.8801343341204 0.175623794993467 1.00583002103485 0.110375394138962 0.95726844568806 -0.177156002756722 0.200175288049988
1461161190.71209 -2.87393621714822 0.169786768277188 0.975298008651695 0.113340940175394 0.954227824453884 -0.180231524594082 0.210046870628099
1461161190.81218 -2.86906799746167 0.167528933932444 0.949713810398839 0.116660597283223 0.952055420786262 -0.183319950553531 0.215347571432942
1461161190.8921 -2.86664456077967 0.16771456009248 0.926627603782256 0.116467344827384 0.954012936232694 -0.17914603631754 0.21024122517063
1461161190.97211 -2.86362472422204 0.170197812629532 0.900961011238669 0.11475549264941 0.956713927862036 -0.17103838686015 0.205610085749369
1461161191.0721 -2.85913125114811 0.171051011662188 0.866769907821059 0.114428520160285 0.95795010743161 -0.169024852477652 0.201663840810895
1461161191.15207 -2.85312121107718 0.171720721209929 0.838170302740118 0.108413778431209 0.957908940558476 -0.16621110072329 0.207438627648661
1461161191.23399 -2.8493085821721 0.17187752805553 0.808209115604834 0.110728232217896 0.958854589191467 -0.168157309873964 0.200150579595251
1461161191.29247 -2.84590322936541 0.170950356328987 0.786966737675332 0.106342912705397 0.95978212598217 -0.167875580093768 0.198310980963384
1461161191.35228 -2.84231587694807 0.169135172186935 0.765350004458889 0.108009629327232 0.961112336922303 -0.167525086127837 0.191134354071175
1461161191.41214 -2.83660360678564 0.168921315818876 0.744353804323974 0.104498675968658 0.961370414143929 -0.163901547502383 0.194892884056477
1461161191.47195 -2.8306183302177 0.170513532269307 0.723331232363751 0.101635363920863 0.963302815792012 -0.150781755990379 0.197440623855152
1461161191.55193 -2.82144685067728 0.173924720481972 0.695929654159788 0.0946829402226339 0.96575989970531 -0.13533690248461 0.200067188159021
1461161191.67246 -2.80812977912069 0.179050767873662 0.656874679690521 0.0873706863930107 0.966960486932824 -0.117767151872731 0.208529800771101
1461161191.77188 -2.79701869674174 0.184455934355326 0.62411275052696 0.0765542997973942 0.966818062130841 -0.101137263037177 0.221751049479918
1461161191.87216 -2.78885127262643 0.189101838887139 0.589867718614689 0.0771026166993547 0.967482900603273 -0.0844525871901294 0.225609804874
1461161191.93377 -2.78344153009717 0.190392978129896 0.569358507106094 0.0669505869885034 0.966822685376798 -0.081649394480801 0.232604579326399
1461161192.05214 -2.76959608924148 0.194796657911412 0.534164287692092 0.0592993505000626 0.959602689228404 -0.0661139690080935 0.26697417282929
1461161192.15192 -2.75529008549838 0.199627193845726 0.508669529783839 0.0467639768351983 0.951554288827314 -0.0415859454491563 0.301045137854778
1461161192.25193 -2.74131083431522 0.202921387766694 0.490118398342913 0.029514072642924 0.938560658658971 -0.0227302030833962 0.343097868546941
1461161192.39197 -2.72569148300113 0.20448866083647 0.460972965267199 0.0204804596303858 0.927209752803377 -0.0217106179740326 0.373351408390024
1461161192.51224 -2.71229492554953 0.20993761912035 0.437950691032198 0.0130097393504365 0.912619887168007 -0.0146153155792286 0.408340643064105
1461161192.6125 -2.70213628608718 0.216027764695693 0.417711882102577 0.00430834054957 0.89927688599434 -0.0086453458601959 0.437273116613621
1461161192.71209 -2.69405996826996 0.222751745138667 0.394157643045744 -0.00727600007148347 0.891683382227402 0.00188178443191951 0.452597243219414
1461161192.81193 -2.68603611952511 0.227427362193813 0.370754588260802 -0.0174320858185731 0.883973534235201 0.0115434358706645 0.467069226393735
1461161192.8919 -2.67856618080755 0.229310987467993 0.357085119890284 -0.0226911461931878 0.86784153918702 0.0179662453088752 0.495997367710198
1461161192.97206 -2.67288343823209 0.231831263943312 0.343357682271096 -0.0332336607088641 0.853028542967003 0.0274048993550604 0.520083455005848
1461161193.07198 -2.66828366189222 0.236004998867781 0.325772118614044 -0.0536348225971395 0.834891432340562 0.0405696775499176 0.54629085959111
1461161193.17194 -2.66465511144505 0.23798985424955 0.30627163713963 -0.0495604682761552 0.819998330296859 0.0455423537899229 0.568394574486673
1461161193.25196 -2.66148432590024 0.24043448652312 0.289490524328553 -0.051132629188446 0.80631296456249 0.0501886204238742 0.587133681362834
1461161193.33393 -2.65794092617571 0.242124255617397 0.273135502431638 -0.0499929664713018 0.787939163499459 0.0505046274376366 0.611638668279367
1461161193.41224 -2.6562818874706 0.24403682371583 0.257154119704992 -0.0577551624992363 0.770535978486998 0.0520771296917646 0.632634665209582
1461161193.49196 -2.65521716847847 0.245716130110372 0.24335170454751 -0.0656859858155819 0.74964823851554 0.057589330221313 0.656045988329053
1461161193.57201 -2.65371634167442 0.245094812527984 0.230751039156396 -0.0780705362607945 0.727784443210003 0.0608548816271387 0.678624696700323
1461161193.65198 -2.65094123828882 0.241462955995853 0.21701723622349 -0.0742824406985623 0.712278180996117 0.0592307729799233 0.695437723605017
1461161193.73377 -2.64722733277393 0.239585181270719 0.20352860579294 -0.080205344939785 0.695843764788994 0.059314173178294 0.711231598361282
1461161193.81196 -2.64213221759037 0.239340017662178 0.192425023145087 -0.0882698172972466 0.672338084059466 0.0581791866867591 0.732656210179116
1461161193.89194 -2.63544469847643 0.240529629725154 0.180701367785249 -0.098554573528503 0.652815963531523 0.0543241056515007 0.74911094327889
1461161193.97193 -2.62691463663831 0.243031353493956 0.169792888580508 -0.106199964869252 0.63168975207385 0.0505587509729914 0.766246329378939
1461161194.05212 -2.61616695950933 0.245303794364088 0.158165736720089 -0.118572510878792 0.615330409826352 0.0453627789592045 0.777978961599817
1461161194.13376 -2.60426236481159 0.245102708719817 0.149558668922098 -0.124199472170886 0.593943833718218 0.0342700577729478 0.794122645843083
1461161194.21188 -2.5956925296248 0.2455426043511 0.141945281869266 -0.141104282629529 0.568049458803372 0.0302557465051271 0.810243163241887
1461161194.29193 -2.5860177931043 0.243971623640999 0.132479262848477 -0.139487394004247 0.553961251295305 0.0275620074602953 0.820311242591495
1461161194.37204 -2.57616158214524 0.244125168532787 0.124218867696488 -0.141440033217081 0.535784026467116 0.0316679321972244 0.831821697274475
1461161194.4719 -2.56648213086167 0.244305477600857 0.115815420804652 -0.151120156570813 0.50921996436203 0.0343030803690159 0.846570153531497
1461161194.57196 -2.55809471888741 0.243182220598477 0.108953317737107 -0.153693223659155 0.483821912864963 0.0358248648037973 0.860820148866612
1461161194.69228 -2.54843662870427 0.24207856630398 0.103135894358072 -0.153963289886276 0.449234133467479 0.0341108416307628 0.879386404931506
1461161194.79188 -2.54081617796678 0.241033239487324 0.100153227065853 -0.148590252596971 0.414119585453677 0.0288545440747726 0.89754850624525
1461161194.93186 -2.53796483619262 0.238382946729172 0.0984805417708338 -0.145261765001752 0.357484281218651 0.0286359973869466 0.922108446964789
1461161195.1119 -2.53660337245117 0.229635262212495 0.0973869074761474 -0.141355551207921 0.306411696406846 0.0260010620433807 0.940985879394797
1461161195.23373 -2.53302486751823 0.215810983979683 0.0993775317096773 -0.117724169176838 0.301062523311513 0.0228843260984309 0.946033130851107
1461161195.33366 -2.53418321935378 0.201450325497301 0.103055233907924 -0.0911047352259128 0.294637467671105 0.0274806348916891 0.950859350571747
1461161195.45183 -2.54201832094562 0.187347443452425 0.109723462473269 -0.0716373052659233 0.281199516159878 0.0323895113896767 0.956423466963053
1461161195.55233 -2.55230992360662 0.175174921212964 0.116332339427185 -0.0491543485340499 0.286536008718199 0.0273386335094499 0.956417045459706
1461161195.65182 -2.56811151122236 0.165326105840294 0.125718952967834 -0.0304267887966243 0.280096020929441 0.0293957762408772 0.959039268185728
1461161195.73376 -2.58078222999947 0.160127187676622 0.134662121192244 -0.0217760289545361 0.282324837768808 0.0241322748049153 0.958768024005039
1461161195.81182 -2.59444106490443 0.156717707807754 0.144686427892265 -0.0181691827307942 0.285541940930517 0.0177440950558988 0.958029659175109
1461161195.89183 -2.60866328548687 0.155345145210815 0.155615076522652 -0.0202262658838694 0.285607098843643 0.0161603353078272 0.957997039046181
1461161195.97177 -2.62410975371989 0.154823538656847 0.167055205071188 -0.0256220098683608 0.280066299407591 0.0114176914007039 0.959570746151383
1461161196.05184 -2.64202046797749 0.154267950567083 0.178596296665868 -0.0280472594335465 0.267513152995314 0.00573302163830096 0.963128857773282
1461161196.15185 -2.66344066213811 0.156137979484901 0.192670759805244 -0.0349657137410894 0.260190094729006 0.00262649213005386 0.964920522637268
1461161196.25181 -2.68314639117146 0.161445984395416 0.20593417372469 -0.044304752831126 0.260537239566275 0.00499494594380403 0.9644337645431
1461161196.35197 -2.70205954550225 0.171100876787142 0.218356443165285 -0.0605207852985345 0.255566333000546 0.00993558180799205 0.964844219652913
1461161196.45189 -2.72171046031719 0.183068138861104 0.228233289827259 -0.0816984730051097 0.247697572893764 0.0078494263212656 0.965354680103432
1461161196.55184 -2.74359280702694 0.192190837510722 0.237912040393419 -0.0904395920161863 0.230636176510361 0.00493569772336522 0.968815396847413
1461161196.65201 -2.76435463600458 0.20141927675511 0.246011296038702 -0.100005549085318 0.215220075567009 0.00315383475462719 0.971426406142748
1461161196.77179 -2.78809775257732 0.212195637907408 0.251974663255245 -0.110448002485742 0.193066823799565 0.00361824511181143 0.974942741189024
1461161196.91176 -2.81396484990184 0.220251275155941 0.254390770862364 -0.11175218479686 0.163550834129335 0.00244606939224246 0.980181917091545
1461161197.0518 -2.83978011732548 0.222857195638172 0.250705947371317 -0.111758571072887 0.128969723772753 -0.00734326202754422 0.985303460180934
1461161197.25181 -2.87119435926949 0.227356119896668 0.237178124649175 -0.100975759753375 0.0920794976798909 -0.00381667201798403 0.990611273438756
1461161197.41174 -2.90123858012121 0.229282923904086 0.21984350789704 -0.0940312517650405 0.0547402341462243 -0.0114662641893631 0.993997059976867
1461161197.59183 -2.92951201674133 0.224349026368037 0.196604601033795 -0.0858624401220389 0.0218090863288579 -0.0069153607476012 0.996044267548145
1461161197.75177 -2.95035523718164 0.213627533874359 0.177178772666191 -0.0556478092502435 -0.020814279402967 -0.00114742947072743 0.998232823796229
1461161197.93347 -2.96027905068515 0.197252978509864 0.160354591904966 -0.0307172449226505 -0.0631465050025456 0.0068224990721228 0.997508106872689
1461161198.15175 -2.95140711317641 0.178638680280808 0.151997974098671 -0.000266514287501317 -0.088094968641819 0.0178786709516214 0.995951584463389
1461161198.37172 -2.92923906166628 0.177285043076448 0.157388666145901 -0.0108670886616622 -0.120322010026966 0.0375556983905201 0.991964762380948
1461161198.57174 -2.90501885121137 0.181786220651405 0.170462844024996 -0.0243780225910784 -0.13090944478166 0.0474140048953736 0.989959767577091
1461161198.81177 -2.87974404693777 0.201051848944471 0.198034268459416 -0.0566621142924032 -0.125961165937886 0.0342227112902256 0.989824224552738
1461161199.03165 -2.8694022767063 0.217267224405079 0.241063477231534 -0.0757378361180032 -0.0995891694788526 0.0161012284389429 0.992011354746221
1461161199.25167 -2.87282663402192 0.222504343728705 0.29818533310584 -0.0770106614397567 -0.0858645321926161 -0.0112186370443234 0.993262695523607
1461161199.43342 -2.87899168052573 0.221179520481232 0.347233993569161 -0.0623031109107313 -0.081177972771851 0.00183596797250763 0.994748756384798
1461161199.57174 -2.88421150955049 0.220526224485708 0.385161966563074 -0.0553736185213521 -0.07521899994437 0.0153073122878861 0.9955106983904
1461161199.69174 -2.88822115905576 0.223158949032096 0.420548775328278 -0.0494997560716383 -0.0710685670546077 0.0261225920847199 0.995899916210674
1461161199.79162 -2.89429361913698 0.228185996451343 0.452509553101959 -0.0536438634003171 -0.0829475849794803 0.0323153088745782 0.994584212059442
1461161199.87156 -2.89867874894599 0.231241916478172 0.479110610564671 -0.0520151939864657 -0.0882233268988634 0.0453477926500396 0.993707523312174
1461161199.95155 -2.90346143090397 0.235093332643853 0.505374583467645 -0.0600717328072378 -0.091067014231775 0.0434810225651884 0.993079849011715
1461161200.05164 -2.91153331946177 0.238644357197797 0.535317706917996 -0.0691421055709041 -0.109502775384496 0.045190142494924 0.990548515945384
1461161200.15159 -2.91646987373393 0.238309380727071 0.563886924076421 -0.0702424338463263 -0.111076235969971 0.0462814122209526 0.990245475209517
1461161200.23362 -2.92283573358079 0.234821805131405 0.585754937172484 -0.0596633059223896 -0.125927678037834 0.0516415574265622 0.988896182304781
1461161200.31164 -2.92664651783737 0.232913801526373 0.608271732137191 -0.0528481752681257 -0.129145797067575 0.0530468165094322 0.988794452213818
1461161200.39161 -2.93032018870888 0.234049827345793 0.630570068479254 -0.0545314388348946 -0.140038412840606 0.0399355255660383 0.987836382659317
1461161200.47159 -2.92951641485905 0.236216448245512 0.65268675104019 -0.0513672261628063 -0.135471072869966 0.0296027819223896 0.98900590078839
1461161200.57166 -2.93120637263616 0.240813846876409 0.681511355927354 -0.0537757632844573 -0.137060203984185 0.0199391834504811 0.988900953953588
1461161200.65149 -2.93390453512507 0.244364060757289 0.706446578394185 -0.0545810878736657 -0.137214335481315 0.009794014485807 0.988987971749505
1461161200.73341 -2.93552904767732 0.248482255691436 0.731720504471313 -0.0601694195086617 -0.139736794269264 0.00338787189073368 0.988353070318189
1461161200.79168 -2.93721414084614 0.25139289692869 0.74890137323613 -0.0704462277747238 -0.14733526477755 -0.00342823703923905 0.986568748712447
1461161200.87169 -2.93578416285863 0.253889801899068 0.771349120868076 -0.0725266704353829 -0.143457492788728 -0.00449247825505531 0.986985130322366
1461161201.01157 -2.93602755145003 0.258281887476265 0.807284928346704 -0.0810879463381611 -0.158933783128086 -0.00753712439966368 0.983924788434074
1461161201.11165 -2.93646031175738 0.258898030867477 0.832439925001382 -0.0761534571737087 -0.17127796832601 0.00182329429563538 0.982273477257998
1461161201.27165 -2.93374480444395 0.261848158728323 0.87442501851282 -0.0810362372428376 -0.196643197474924 0.00291646136196835 0.977116203628558
1461161201.43161 -2.93057822587672 0.264729568024887 0.915734484870894 -0.0861543475570236 -0.22599316993082 0.00823329044974111 0.970276624715866
1461161201.55153 -2.93140160748546 0.268701741421867 0.941988674112076 -0.105463236442548 -0.251751881078923 -0.00251462128666193 0.962025037518292
1461161201.69151 -2.92906035144546 0.269504151307794 0.971950768742123 -0.113274931360267 -0.274889682384062 -0.00542064219580278 0.954764405014295
1461161201.83157 -2.93383362639287 0.271900437415073 0.996019717941591 -0.117374441028556 -0.299041368834753 -0.0226520506692683 0.946722971580994
1461161201.95158 -2.94177703891985 0.273273817771497 1.01574818885366 -0.110858915653527 -0.32028851108791 -0.0235254995349943 0.94051694368408
1461161202.07154 -2.95176238969562 0.279301955136546 1.03541072631483 -0.112217098761297 -0.336249617642311 -0.0414145915733735 0.934145785723946
1461161202.1715 -2.96093049907833 0.282505755861888 1.05213110110402 -0.112361679348539 -0.343354975608108 -0.0541378753346456 0.930887374601988
1461161202.25166 -2.96729097410458 0.284184509005047 1.06569258507761 -0.113848190569211 -0.341043657133192 -0.055098362847702 0.931499857136241
1461161202.3332 -2.97518321064124 0.285124515186795 1.07865558403204 -0.114694209307515 -0.338338474747375 -0.0519548600152832 0.932562602390711
1461161202.43319 -2.98498948211047 0.28531646626233 1.0939462388458 -0.113133990342668 -0.335237575936794 -0.0477048705314944 0.934098877655219
1461161202.55157 -2.99993681532961 0.288275954555022 1.10652567420752 -0.11940996806598 -0.349542675700501 -0.0384302278167957 0.928484946017201
1461161202.67149 -3.01232741173609 0.2888854749393 1.11851721689775 -0.1217163438662 -0.357720843682631 -0.0360228864678403 0.925161219075549
1461161202.83324 -3.02685643847895 0.288962988439075 1.13354147782003 -0.122161643821904 -0.371359056813389 -0.0303798653000233 0.919916326350257
1461161203.01146 -3.04155242560032 0.293098964360769 1.15066427558833 -0.12591149056268 -0.401199388839932 -0.0397686290559133 0.906423633342469
1461161203.21152 -3.06020607521467 0.301005627448866 1.17341205872232 -0.133928270306528 -0.435962746905138 -0.0509620904106476 0.888483295883837
1461161203.33321 -3.07379051321096 0.306560017909191 1.18809252581165 -0.137535045592925 -0.46655447124285 -0.0555863810888433 0.871963984826497
1461161203.4715 -3.08798538203114 0.312351436737537 1.20257891208627 -0.145713186033102 -0.504455421329731 -0.0704622409587354 0.848131751502206
1461161203.61149 -3.10010237897313 0.314138494633272 1.21896973334615 -0.143107549581337 -0.528253977672349 -0.0867399138489886 0.832432670954015
1461161203.77145 -3.11540498869053 0.310777171285258 1.23793798871882 -0.132677871906232 -0.551038521239404 -0.0868196640011606 0.819277411112652
1461161203.95151 -3.1348210841401 0.306724797422702 1.26003831208433 -0.116420567132643 -0.572000293862683 -0.0879205591795378 0.807175253983344
1461161204.1331 -3.15854657690322 0.305767814841616 1.28158217911323 -0.0989089608934627 -0.597264343620654 -0.0862932058171885 0.791230563062473
1461161204.3514 -3.18862084725738 0.311110931226839 1.30916701536917 -0.0926595896413886 -0.62330853116208 -0.087254208940791 0.771548688321208
1461161204.57134 -3.22028598485106 0.312977176762175 1.33360968751437 -0.0942772736573199 -0.64919113751064 -0.080903958954327 0.75041136190419
1461161204.79133 -3.24856853861377 0.314549449356917 1.35117030536718 -0.0933142279628155 -0.681811157902192 -0.0850662587116815 0.720548215908258
1461161205.01131 -3.27545780765699 0.319881008969222 1.36708212186255 -0.0884559683410353 -0.721585214536968 -0.0891009471914469 0.680846047969784
1461161205.19137 -3.29464578146988 0.325863740890847 1.38396312628726 -0.0871440778401246 -0.758565775587851 -0.0979062289795376 0.638277560416472
1461161205.35135 -3.30873780719631 0.325624125086636 1.39871950737508 -0.0830793187849772 -0.794267279293868 -0.10222434834569 0.593116766276793
1461161205.5513 -3.32917855685773 0.319748228808041 1.41109594472617 -0.0715200361643917 -0.827315211484032 -0.0982832712034857 0.548429415582095
1461161205.77126 -3.36180634167672 0.322606502269852 1.41950046973684 -0.0587170707866866 -0.853201550765839 -0.0968506591086371 0.509135904449118
1461161205.97132 -3.39815983745169 0.325348110792797 1.42291284342857 0.0457144626026178 0.874210707606181 0.0919329485836238 -0.474567339352779
1461161206.21126 -3.44469128495878 0.327110181928621 1.42571053118226 0.0562650785523728 0.889130568640679 0.092868766120164 -0.444585723031585
1461161206.47133 -3.49566440555561 0.326638287602691 1.42887463812923 0.0563162715668441 0.900710862692114 0.088696084604231 -0.421522744298712
1461161206.65127 -3.52990916053468 0.331690850016205 1.42825916046819 0.0512805083235539 0.917671246559295 0.0881399717393261 -0.384032730488142
1461161206.7912 -3.55859625672723 0.335457718405606 1.42961165690135 0.0493201058738398 0.93270565247999 0.0909890749721597 -0.345468784731965
1461161206.93308 -3.58631872710842 0.338997657409412 1.43121692008157 0.0470777777912384 0.946206117197428 0.101245286672686 -0.303689082027939
1461161207.11114 -3.61799814253926 0.341173203449236 1.42965197569056 0.0370805808818342 0.956874743550987 0.115648181269395 -0.263896293730662
1461161207.27116 -3.63884529821811 0.341498118041779 1.41894047275703 0.0286563772546863 0.968851898773589 0.109221348593079 -0.220398519271246
1461161207.45115 -3.66227298493243 0.351826838080465 1.40258980679136 0.0155087459213625 0.976512341189149 0.122349514232569 -0.176674057722938
1461161207.63112 -3.68437468664295 0.357365295448195 1.38196403175118 0.0102704428120193 0.983038499188653 0.125932914585278 -0.132931291054529
1461161207.79107 -3.69179939581238 0.358954130850132 1.36080828197728 0.00537967211487983 0.987633855620524 0.133882618841145 -0.0813994516708201
1461161207.95115 -3.69265787682861 0.355567917449291 1.33880718712504 0.00140207281595238 0.990537718579387 0.131447714988075 -0.0394279150827925
1461161208.07119 -3.68743204268153 0.353066608063935 1.31897780749651 0.0018740308534288 0.991375825863685 0.131011492215494 -0.00253945051649297
1461161208.19111 -3.68319912948621 0.351641176286773 1.29768821445432 0.00630268111027282 0.991121470505027 0.129179740172001 0.0308399358603221
1461161208.35129 -3.68103618383288 0.351136784271916 1.26598608476501 -0.000347082310384886 0.988099968884192 0.141809090345135 0.0595693958372339
1461161208.49114 -3.67895703279997 0.346708842701202 1.23718482099058 -0.00380059767439789 0.985357995321324 0.142696205250645 0.0932360955892345
1461161208.63279 -3.67447296962082 0.344013269923393 1.20882627254078 -0.0114027171027395 0.980480193959006 0.145039992748137 0.132257203208015
1461161208.79101 -3.67181068544476 0.343352432608624 1.17076083994624 -0.018666157107067 0.977382016587796 0.147186326320954 0.150705519387212
1461161208.91114 -3.66444034115506 0.343096249818886 1.13993653186967 -0.0230107772408158 0.972937762444153 0.14093918096765 0.18165561320561
1461161209.03334 -3.65707502818034 0.344465035918735 1.10714572522122 -0.0403884808574936 0.968628672142023 0.136956811897513 0.203396405556429
1461161209.17109 -3.65169677267237 0.346381885838732 1.07227193365752 -0.0541390382093796 0.964663252153222 0.147202311072305 0.211719753688464
1461161209.31112 -3.64592462539144 0.348137315884041 1.03940027523178 -0.0547340325763224 0.960380730091371 0.153374826507919 0.226161892326636
1461161209.43284 -3.64233222592945 0.349816988415627 1.01462295046821 -0.0578176033910837 0.954195675031275 0.15847000204163 0.247093093676547
1461161209.55109 -3.64152606476791 0.354286481561892 0.990857416969828 -0.0659820005894288 0.946490137576977 0.166723696244117 0.26833934519267
1461161209.65103 -3.64127426088779 0.357874016332647 0.971624554758149 -0.075458592372673 0.936824899182206 0.171116727954293 0.29560814353397
1461161209.75117 -3.64045573745603 0.358235285129078 0.953569631794973 -0.0837258083179839 0.925036747497517 0.168416760995067 0.33004969234442
1461161209.85093 -3.63929160859394 0.358406118496342 0.939275026924702 -0.0911162101571892 0.910254169791617 0.169616887776228 0.366558718358562
1461161209.99103 -3.63935248254348 0.357936886877669 0.922889346082608 -0.104055198879455 0.892087450205637 0.177827658958456 0.402156462687245
1461161210.13103 -3.63611243821905 0.352959762987908 0.907615292240884 -0.114164606227174 0.875789508860886 0.169097785438713 0.437452989261619
1461161210.25183 -3.63064703891831 0.349561384480654 0.89301531140518 -0.109899367987167 0.861697861973562 0.159371361718638 0.469041248346198
1461161210.37167 -3.62532184341268 0.350686115284392 0.877411807786269 -0.110071897387144 0.844699631380491 0.156562399740327 0.499854904085983
1461161210.49188 -3.62188740164464 0.352151616358389 0.860038670100559 -0.120505550146716 0.830922737228789 0.162733513875124 0.518231242402376
1461161210.61124 -3.61657071764109 0.350452194354007 0.843724385290224 -0.128885180869121 0.821558074228883 0.171269633266154 0.528296936904371
1461161210.73273 -3.60884824079463 0.345994256497463 0.832144680562675 -0.118672991167712 0.810340780332628 0.179673831950697 0.544960416002272
1461161210.85191 -3.60098505965667 0.344028226149409 0.825459247529311 -0.124162109257575 0.789607522857793 0.191947817277236 0.569438114208731
1461161210.97135 -3.59482610241895 0.340969938847887 0.820309139467357 -0.127813652066088 0.767702030283241 0.192399205169918 0.597728875740918
1461161211.1112 -3.5908900541843 0.336977050080709 0.81146677193564 -0.133941816929341 0.74276043824961 0.189644138862009 0.628014029814782
1461161211.21091 -3.59034241345808 0.335096814487914 0.809257582104534 -0.137599125637595 0.700766001565403 0.193791508370743 0.67263537147343
1461161211.3111 -3.59516979494838 0.334479545486266 0.803358533119601 -0.150803183870007 0.662214726410397 0.198682539178463 0.706580005721553
1461161211.39093 -3.60158565716513 0.333313876013443 0.795732056074492 -0.158514532587573 0.633160286950995 0.20780049729644 0.728560325100145
1461161211.49097 -3.60780449567077 0.329566170330248 0.780078254789042 -0.165146082171005 0.614214480327163 0.208632031555633 0.742926657960912
1461161211.59098 -3.61155636946181 0.326844954984668 0.764219987475476 -0.170655050985409 0.591824978620783 0.207845856292574 0.759881667284903
1461161211.69148 -3.61401636025125 0.3258522910234 0.748884998449765 -0.171393513353869 0.56947782881238 0.208635558043101 0.776395820436585
1461161211.811 -3.61518412873604 0.328298876139105 0.732095359350281 -0.178789290351196 0.540180769970175 0.202716231208855 0.79696000841612
1461161211.91094 -3.61453536088193 0.334324703044324 0.719182225772893 -0.192747040117385 0.508420027717591 0.193422175812197 0.81666732262636
1461161212.01125 -3.61128620572232 0.339369671260043 0.704489073123189 -0.201220369701954 0.483074852305615 0.181992821365167 0.832482830368569
1461161212.11137 -3.61087096366541 0.34229528117732 0.689091428346298 -0.220576598535101 0.450985988752972 0.173723895548717 0.847217569602146
1461161212.23139 -3.60709615019038 0.339085974223094 0.67112193908811 -0.225763436652708 0.429055700089369 0.157062472249395 0.860391455502952
1461161212.3509 -3.60336880884593 0.326859948072003 0.654933801092924 -0.209766804305464 0.413070470233802 0.134182969185465 0.875994066882232
1461161212.49085 -3.60070291299123 0.311596888463202 0.639945249741304 -0.188464257797397 0.383107342403923 0.12370177239715 0.89577221392209
1461161212.65169 -3.60011917891555 0.293567658002005 0.626147459800524 -0.167133002591223 0.344568206353707 0.128329195198544 0.914806497722183
1461161212.81091 -3.6052486985695 0.282054074428471 0.61502656885738 -0.166224912504527 0.287533293865368 0.118814155903796 0.935722757946317
1461161212.99093 -3.61706160474958 0.285410880375825 0.611698388017182 -0.192212898090701 0.219694085342631 0.0961315140974838 0.951602565502197
1461161213.13272 -3.62843258343523 0.291765211827667 0.616887113358089 -0.207365425915443 0.17355548743278 0.0838097396148761 0.959090194122828
1461161213.27095 -3.64092333099993 0.296899573144946 0.628507131800715 -0.211638743913664 0.131068358572149 0.0678697712972987 0.96613861407145
1461161213.41104 -3.6543768167038 0.301242657781828 0.64204167419439 -0.210407265601862 0.100244577320674 0.0598702208856811 0.970615971407254
1461161213.57093 -3.66808180567328 0.30769904404581 0.660499644126157 -0.216152756950063 0.0790822826007281 0.036488327574602 0.972467264329424
1461161213.73249 -3.68073141972544 0.309988417720824 0.68543444072104 -0.215001604356878 0.0648329354319183 0.0340352845178275 0.973864775015012
1461161213.87081 -3.69163168776072 0.311711588840459 0.714612697988307 -0.215229845735797 0.0613587093249555 0.0345225175767248 0.974022288284352
1461161213.99078 -3.70406220977376 0.310769043648739 0.746174503223958 -0.208466623825736 0.0505758520552514 0.0416293395133676 0.975833360790286
1461161214.09075 -3.7148483128114 0.308185524477216 0.773762882662011 -0.203915954546612 0.0389368145679169 0.0405869651297911 0.977371426947914
1461161214.23316 -3.72676806697482 0.3070464189486 0.808745164474124 -0.203328165399792 0.0269687476096663 0.0336932602852765 0.97815904024799
1461161214.41158 -3.73741758411207 0.309272309611661 0.852101927569819 -0.206195890584709 0.0289817739493873 0.0394522966586534 0.977285438228301
1461161214.57068 -3.74638608023019 0.31188546559375 0.888766531291759 -0.202123598663517 0.0406310735670983 0.0417286877995639 0.977626658463557
1461161214.7328 -3.75612421067083 0.319847000073546 0.924743509679929 -0.207152764984724 0.0690611656777807 0.0409287898664951 0.975009293040058
1461161214.85068 -3.76242115578959 0.321643619900804 0.953022016735254 -0.201102836266471 0.104827058013508 0.0501584248935087 0.972652594488914
1461161214.99086 -3.77006107143954 0.315961652501413 0.987788505924722 -0.179025542612293 0.141713801822537 0.0517938055288891 0.972205973636355
1461161215.13082 -3.77846720955933 0.308930247957251 1.02280623113839 -0.153117778899339 0.168678405608104 0.052753447543969 0.972275483100683
1461161215.29105 -3.78616087753902 0.304228980705052 1.06183553877666 -0.131225776601653 0.202726871054797 0.058374115749208 0.968645484126222
1461161215.45133 -3.79249324818594 0.299267248707398 1.1035621977858 -0.101951090220574 0.225723076684236 0.0471313300831589 0.967695047822211
1461161215.63323 -3.79302847911265 0.293166672510756 1.15298300166004 -0.0746951056935478 0.248464303712812 0.0473731919339408 0.964594169405936
1461161215.8111 -3.78729303881174 0.280851717128096 1.20358386440041 -0.0529507122113185 0.273943228203493 0.0460778822921001 0.959180983214971
1461161215.97067 -3.77826562895333 0.271495412428277 1.24678893031701 -0.0334405603871709 0.304132032777856 0.0443971395719975 0.951007008153581
1461161216.13297 -3.76649849683617 0.266899984952812 1.28480558696157 -0.00585966101830267 0.342884755489945 0.0261023503828045 0.938996472905966
1461161216.27076 -3.75634763681942 0.266467916305685 1.3169784283599 0.0157618410434924 0.392334773323296 0.00139502560037553 0.919686383454627
1461161216.41076 -3.74597395324414 0.268247674938989 1.35151108647072 0.0257243781368457 0.440412455335276 -0.0206810032298835 0.897188621004765
1461161216.53273 -3.73740247726023 0.267233616918963 1.38020520198633 0.0353131749792214 0.481088273149472 -0.0423288796706368 0.874937322930491
1461161216.6707 -3.72297052827635 0.263192581187412 1.41366577053636 0.0404631769645354 0.525925982344563 -0.0432046987995561 0.848467999636099
1461161216.83067 -3.69729195945989 0.255198879819213 1.45291022894954 0.0610802330328171 0.557419953242542 -0.0465098899771381 0.826673473019458
1461161216.97147 -3.66472835022398 0.258679376009095 1.48111729345668 0.0629844025182124 0.592590231189938 -0.0470021866059925 0.80166113626141
1461161217.1506 -3.62023560833789 0.265970796532347 1.52185757346942 0.0430621301960053 0.601602921758817 -0.0446181852419837 0.796384828471732
1461161217.27112 -3.58537583437279 0.267083240411047 1.54036679619301 0.0285465997814375 0.628628920318655 -0.0341714140927336 0.776429704892094
1461161217.39069 -3.54506869235441 0.269478951542299 1.55714168745593 0.0214468377815369 0.652628115065524 -0.01889916041654 0.757138955747717
1461161217.53065 -3.49159837367705 0.276477635759241 1.57732404474586 0.0038872250788265 0.668409722522286 -0.0190503788393141 0.743539114899106
1461161217.67068 -3.43354699777273 0.281739847045154 1.59618138773686 -0.0132705844921952 0.677134817779443 -0.0222913375485737 0.735401540934157
1461161217.77067 -3.39084204974413 0.281263294327703 1.60534886020231 -0.0119818268361721 0.697870119933859 -0.0266201490623305 0.715629163179554
1461161217.8712 -3.34842392480803 0.279649375016115 1.6152279165613 -0.0240962256681552 0.710788825787965 -0.0310823016079988 0.702305138504813
1461161217.99098 -3.29607428070274 0.279829219456208 1.62833407870481 -0.0409979019431582 0.713642340458047 -0.026362380002878 0.6988124260933
1461161218.11057 -3.2418814524399 0.280548175145042 1.63867999949756 -0.0369413255272006 0.715171975274458 -0.0217943915092636 0.697631269904857
1461161218.21062 -3.19466501043954 0.282449755764729 1.6450966379601 -0.0345002194838501 0.713985851811327 -0.0246328071794366 0.698875642070376
1461161218.29064 -3.15642078715402 0.284509011725543 1.65123136225736 -0.0294247210580562 0.707693473481604 -0.0278525436576727 0.705356909085036
1461161218.37061 -3.11823731002059 0.285412552606296 1.65897131169157 -0.0343045622663432 0.695523485747747 -0.0333548594834731 0.716908453799965
1461161218.45057 -3.07993151185839 0.287747807547987 1.66823480042907 -0.044498606612919 0.682221277010615 -0.023332307861336 0.729417306220094
1461161218.53242 -3.04138419703871 0.287481865282551 1.67742949953443 -0.0541418009040171 0.667507024055603 -0.0173500166530933 0.742429804866049
1461161218.63246 -2.99383859331249 0.28583198007757 1.68558505290533 -0.0613907505524463 0.660105665786292 -0.0162995241822681 0.748482472242921
1461161218.7118 -2.9533163039888 0.284712977838737 1.69287910435431 -0.0500350714625274 0.65192185167071 -0.0130313541544789 0.756521364369092
1461161218.79093 -2.91012758500176 0.285255812753186 1.70004127553183 -0.04382042774547 0.648626503785418 -0.0207847504859451 0.759560019252295
1461161218.87057 -2.86671683598308 0.286468953044374 1.7067770493179 -0.0502799608883048 0.64663591140867 -0.0379150345007774 0.760194957736865
1461161218.95055 -2.82253550224368 0.286895671405005 1.70957999347504 -0.0552686618979868 0.654880830874035 -0.0453020334623208 0.752345796911179
1461161219.03274 -2.78009663519407 0.28575021103755 1.71643625636529 -0.0602346408107792 0.650614352920883 -0.0445686268197203 0.755702579936804
1461161219.1105 -2.73906890854336 0.280633770851105 1.72216103156786 -0.0558190391861329 0.643089027145734 -0.0439952292802137 0.762486168943196
1461161219.19137 -2.69695076044652 0.278153592570764 1.72926174150801 -0.0656334280634983 0.635702451826617 -0.0361394224962846 0.76828939079223
1461161219.29055 -2.64250709410766 0.274206841962851 1.7361956162976 -0.0491181549930555 0.635719376127175 -0.0363959714639883 0.769495688699908
1461161219.37056 -2.59740760387273 0.276351632265493 1.74288948390785 -0.0495069914069115 0.633150015349639 -0.0354955392696508 0.771628267079781
1461161219.45052 -2.55161677041637 0.276562041581768 1.74996089974923 -0.0422664868709287 0.632501254650986 -0.0371358671229781 0.772513193625547
1461161219.53245 -2.50769208033996 0.276595809345975 1.75776901291706 -0.0396463120978494 0.626634295566808 -0.0362463145021283 0.777459860212438
1461161219.61052 -2.46644518515964 0.276250154827769 1.76490883961999 -0.0504732112164305 0.622847734405013 -0.0266276803968154 0.780259009132692
1461161219.77057 -2.38573404902388 0.26863312798176 1.78144590045514 -0.049155597596113 0.613554173056934 -0.0133651992939729 0.788007852370282
1461161219.93317 -2.29806435593629 0.261954894691662 1.80028033958607 -0.0374029963685594 0.606943598984888 -0.0213781373773815 0.793576372352529
1461161220.07061 -2.21983130046548 0.261976811831599 1.81542813947294 -0.0403371798682829 0.608370308783499 -0.0319205329349377 0.791984569854801
1461161220.1907 -2.15387947980903 0.261883176726962 1.82825471451776 -0.0528194047720797 0.613335383410922 -0.0383929763282294 0.787118667866771
1461161220.29078 -2.10072506978753 0.26117345163603 1.83875297915741 -0.0580593150388918 0.61593252083483 -0.0278713560464537 0.785162042655781
1461161220.39052 -2.04882535337245 0.260285812318444 1.85112325708148 -0.0684192072790176 0.611072297977433 -0.02518966707325 0.788209958952962
1461161220.4708 -2.00811548075923 0.260960891044828 1.85918861790199 -0.0675655717035497 0.604154584480015 -0.0231147189215835 0.793661036804333
1461161220.53278 -1.9813014279411 0.263173420979523 1.86277730215333 -0.0723285966775759 0.601977004475983 -0.0230751120120416 0.794896093455243
1461161220.63317 -1.93185175679716 0.266200110952505 1.86808132619351 -0.0705021862387595 0.596396830288401 -0.0227292509950609 0.7992644391606
1461161220.79054 -1.85640608999369 0.266576520817343 1.87539530518168 -0.0724293544252816 0.593087141098714 -0.00737103773495073 0.801839946300757
1461161220.9712 -1.77274057811735 0.260626377322371 1.89135665066892 -0.0719233270103065 0.599367679935408 0.00821046903402175 0.797193833066248
1461161221.11189 -1.70572855257329 0.257740815549419 1.90143110848236 -0.062303678296328 0.612063403805425 0.0089838159141779 0.788299392645006
1461161221.21124 -1.6564921661443 0.257290954460041 1.90817820899508 -0.0530891961523145 0.624779504002921 0.00126810691686214 0.778993260904491
1461161221.29119 -1.61711117295764 0.25642849122151 1.91348801561158 -0.0666116677098031 0.635660057166483 -0.00873725267960677 0.769040205622329
1461161221.35063 -1.58705767103941 0.251671504848837 1.91505436076927 -0.0590123396616693 0.652301681718124 -0.0185349022020751 0.755431345123912
1461161221.51051 -1.50890938473529 0.236479823301981 1.92482267954179 -0.04891440184536 0.671027895896329 -0.0173228884569617 0.739613995105936
1461161221.63225 -1.44925059086667 0.222435801226738 1.93039893686253 -0.0380543044514763 0.684996968931232 -0.0303149840346309 0.726919544523821
1461161221.73213 -1.3987484279591 0.214018190137835 1.9354958584549 -0.0314608151777098 0.691141218098503 -0.038541962352939 0.721005236382965
1461161221.81043 -1.35790297271745 0.20779020048263 1.94062765806656 -0.0198051401692711 0.694295570671153 -0.0490993178637422 0.717739976561574
1461161221.91047 -1.30711861791834 0.20203793233838 1.94591021064466 -0.00961922687898492 0.699834249081347 -0.0585309571324947 0.711838198851503
1461161221.99046 -1.26622658720798 0.199955409024852 1.95082578543878 -0.0146822776391909 0.699034999268939 -0.0618018249718089 0.712260510593247
1461161222.07047 -1.22612330853622 0.195881799760432 1.95150826200061 -0.0203955528489472 0.710751537473968 -0.0646664998963737 0.700167492242769
1461161222.17043 -1.17958913094328 0.186976310884935 1.95187869873439 -0.0121532278412809 0.718406885232748 -0.0668109659882383 0.692300614709345
1461161222.25047 -1.14224489573665 0.180647408917501 1.95249307070534 -0.00117827082192694 0.722736717090104 -0.0731468053156469 0.687240710610048
1461161222.35041 -1.09491681187036 0.176732933227852 1.9476318667079 0.00277411503211424 0.73666056120105 -0.0893686993199262 0.670325859145093
1461161222.43242 -1.05675776978387 0.177348148641782 1.94273723413037 0.000561658072332952 0.746733978908686 -0.0996588508739807 0.657613992191385
1461161222.51044 -1.01884054849636 0.179659491547282 1.93821486121031 -0.0133174035896167 0.757701519052687 -0.104918264837153 0.643974543355902
1461161222.59041 -0.982203844864493 0.179865318021054 1.93496506668489 -0.0239747088374921 0.767165904818451 -0.106101673989723 0.632158305012932
1461161222.67045 -0.945027597988816 0.17637581396158 1.93693976658329 -0.023815897358667 0.76346851348157 -0.112950186203664 0.635445424400712
1461161222.77041 -0.900168434927754 0.173321661692482 1.93438985779383 -0.0298782279464746 0.774295201983964 -0.105609960800423 0.623234119620488
1461161222.87042 -0.857026507162319 0.168499757761719 1.9305290570811 -0.0228963537941619 0.786744473482413 -0.108423433984366 0.607250565574748
1461161222.97038 -0.814602258520837 0.166357361624172 1.92499953776015 -0.0146654241656715 0.79951214079558 -0.115689773857139 0.589220789076042
1461161223.09045 -0.76257642944304 0.167967086506617 1.92018789572135 -0.017742074306186 0.802244994473509 -0.124164719247073 0.583670549313403
1461161223.21041 -0.713464567240254 0.1690370488762 1.9135170960554 -0.0173001371851807 0.810205505418988 -0.124117279510311 0.572592914005313
1461161223.33213 -0.666139424658504 0.166648229197854 1.90805013685325 -0.0159516836461771 0.82047620809144 -0.116503468104881 0.559456233913145
1461161223.43245 -0.625881950310526 0.161310206709815 1.90847871112033 -0.012487225701807 0.820181790318812 -0.115140601987171 0.560257567372126
1461161223.53218 -0.585966573731938 0.154996752537688 1.91071387945459 -0.00772282334192282 0.817236371712065 -0.125784192527555 0.562355232625001
1461161223.61031 -0.554767897498852 0.151147896808288 1.90974352209804 -0.00449959258691376 0.824343395846043 -0.137175049584406 0.549200077533755
1461161223.69038 -0.524011243899395 0.148438062070952 1.90875632747614 -0.00108856742567123 0.832159728463325 -0.140394163504467 0.536468526755005
1461161223.7904 -0.487679819021151 0.145930559453423 1.90689914780353 -0.00110453958572652 0.844559750467357 -0.147376468738305 0.514779355010521
1461161223.91041 -0.446928443316116 0.143676486931369 1.90191498461013 -0.0149723154964426 0.86009212891045 -0.144095460803903 0.489135827486268
1461161224.03277 -0.410545119863245 0.138798992007675 1.89155764367388 -0.0100636060743404 0.876511541470896 -0.142375100490521 0.459734240905992
1461161224.15033 -0.380293561100577 0.137254550429573 1.87557707208514 -0.00518437521592462 0.893809767556456 -0.14714992261308 0.423584846222406
1461161224.27037 -0.351769272109652 0.139685957629005 1.85540842279039 -0.00708709827041599 0.909571825658489 -0.144845608417692 0.389420873514116
1461161224.41033 -0.32007850533484 0.141490947429189 1.83243626253295 0.000395272780736846 0.921644363704022 -0.136169789889496 0.363358361584659
1461161224.53213 -0.298806876558411 0.14293827849443 1.8132064859548 -0.00201155797217325 0.938547836145952 -0.115921126878005 0.32509414827648
1461161224.63028 -0.28488532418481 0.140905834469358 1.79540689099761 0.0110035380382136 0.954724502403712 -0.106355632677488 0.277612186437118
1461161224.73217 -0.268780968008187 0.138248017071237 1.77704556521466 0.020764576808682 0.965497512092124 -0.102631944851965 0.238432527960801
1461161224.83031 -0.251988094505973 0.139078112330624 1.75736246240639 0.0183777779928378 0.975746855646411 -0.0932725086120463 0.197181566352951
1461161224.91032 -0.238326357881661 0.142414209456313 1.74111044511076 0.0102377879738911 0.984119794955153 -0.0780648297649254 0.159088966394914
1461161224.99026 -0.226273999468718 0.144004055524031 1.72616623305002 0.00562215472606287 0.990469528950011 -0.0675355563661156 0.119906014128148
1461161225.09026 -0.212902029659187 0.142830183058444 1.70906765062515 0.0137964969511101 0.994563774032602 -0.0669150449943658 0.0785807406894785
1461161225.19029 -0.202014871956832 0.145834626394271 1.69149245753458 0.0122777376636506 0.9979949792229 -0.0474136709001483 0.0400901785418743
1461161225.31025 -0.194598256715126 0.149694276554049 1.66977504343809 0.00728838185531141 0.99960464050079 -0.0262613251166643 -0.00691266824999973
1461161225.43207 -0.191694883360698 0.148278981546857 1.64843985860074 0.0066998944055295 0.998205073496087 -0.0315390658586852 -0.0504681086071967
1461161225.551 -0.189309371668217 0.150604285237532 1.62594557955294 0.0106951660202432 0.996250767368377 -0.0268637427736141 -0.081537483809058
1461161225.6909 -0.185365047326938 0.151131547901784 1.60176206278303 0.0163201364436952 0.993790071777383 -0.0293924405522509 -0.106070876406038
1461161225.85048 -0.18011845193087 0.15393656072115 1.57597669107072 0.0234279346966386 0.991948274210673 -0.0115873896843371 -0.123917252901366
1461161225.97132 -0.179715037620051 0.157547791934573 1.55636721619617 0.0263298943727928 0.988827231985838 0.00643434846701559 -0.146581175821961
1461161226.11026 -0.180117101986684 0.158966619112412 1.53336986646863 0.0280703227637094 0.984249834722381 0.0174536182145374 -0.173665457245037
1461161226.23203 -0.181734601373697 0.163794833755779 1.51260871408571 0.0304230756828482 0.979271920348828 0.0345392953688284 -0.197251057177746
1461161226.31027 -0.18487098325019 0.166974294974815 1.49966018612737 0.0302027985821404 0.974159744642075 0.0463442242192615 -0.218981268053248
1461161226.41021 -0.189264410683016 0.170110938143729 1.48368630967034 0.0321588142262701 0.967340281901559 0.0555823348749537 -0.245212548063961
1461161226.53201 -0.194581317986825 0.174104013902755 1.46522019653327 0.0353635668766217 0.959881702664041 0.0689030063645679 -0.269497515280695
1461161226.63196 -0.200383155127688 0.177743168912085 1.45144211619133 0.040407169425885 0.953744625249878 0.078235622275248 -0.287432840630926
1461161226.73198 -0.207356885110885 0.185409267902182 1.43871436996322 0.045041233267419 0.946815157818164 0.101182568646822 -0.302116586822946
1461161226.85007 -0.216327345389514 0.194173593524555 1.42371758428743 0.047769531584457 0.939649476992137 0.119682777730832 -0.316943157293602
1461161226.97014 -0.22648381876958 0.202703027561207 1.40824529982686 0.0562322219951577 0.931413118229479 0.136619288295798 -0.332629990327204
1461161227.13281 -0.241205684494214 0.209082397248551 1.38755323809468 0.0766922457860727 0.919526145994543 0.149686104950592 -0.355223924100603
1461161227.27023 -0.255295800511563 0.210936770609373 1.37064205293259 0.0988358482273825 0.906008083071234 0.153848385857656 -0.381721760820306
1461161227.47017 -0.275107003886957 0.215171076061048 1.35293831830302 0.130710790275758 0.887516011745878 0.155513236281723 -0.413576657394203
1461161227.73022 -0.292744956908281 0.226269471424244 1.33053587027572 0.161186081907465 0.86893019060327 0.178037497128678 -0.432760927618981
1461161227.9501 -0.30944475609862 0.238070207708291 1.31071933579718 0.174768764876512 0.849633508325776 0.199763278987082 -0.455711984395738
1461161228.17014 -0.327905453079302 0.251277404008945 1.27593294702325 0.175670263132225 0.848381854373369 0.215230157753631 -0.450626416241221
1461161228.31011 -0.342182695984942 0.256332491903602 1.2479460872862 0.168696863828502 0.847576808729103 0.222732837521491 -0.451159622006052
1461161228.47011 -0.357403917385607 0.2565092524943 1.21504110048384 0.166587690008045 0.849781070205148 0.226452656541511 -0.445914642733416
1461161228.57008 -0.365852363735087 0.248411882298213 1.18853145406651 0.164696349843115 0.861405816019362 0.20832356624626 -0.432962381995032
1461161228.65004 -0.372981075221844 0.237614176297211 1.16615174670468 0.150148548217495 0.873833664825463 0.192005820153364 -0.420718319916204
1461161228.75025 -0.383491575891903 0.22488534672112 1.13563771011679 0.139705834443759 0.888956178567154 0.168822951860124 -0.402166636277661
1461161228.83188 -0.392323045657506 0.216725384610597 1.10910135647039 0.132445845443027 0.902471474493439 0.153670341082835 -0.37998521289914
1461161228.93199 -0.40802895422431 0.210516287826361 1.07598510992772 0.120926482341265 0.911754940415745 0.131651652362974 -0.369793938465934
1461161229.03193 -0.423881244633804 0.207402280040832 1.03798662898876 0.113168947310908 0.925872139421458 0.120062718590019 -0.339909567991909
1461161229.13194 -0.43985749621695 0.200886373660071 1.00015881126622 0.103635785368609 0.935143849104393 0.111162717666023 -0.320013211718447
1461161229.21065 -0.447415399941976 0.192467875991377 0.968272877981671 0.100369868042217 0.948117094261468 0.099863542262412 -0.284652662178281
1461161229.31004 -0.454930386472678 0.178804430318483 0.930821480798417 0.091511196169022 0.959549056715349 0.088694497425164 -0.251046997311054
1461161229.39057 -0.458609498673053 0.164209075592431 0.901251756191339 0.0830646209727062 0.970478121174314 0.0710636146494638 -0.214994064424085
1461161229.48998 -0.464964890419236 0.149416594862411 0.864871758201921 0.0864851107786232 0.977515395823652 0.0602306111364252 -0.182636934992542
1461161229.61004 -0.474793541430285 0.143392766616525 0.817256239721133 0.0855817756545947 0.983113207832321 0.066125992862452 -0.147619556053408
1461161229.71 -0.481018019120424 0.144018530907058 0.774939929023344 0.0792949624593119 0.98783564281442 0.0716808100007866 -0.112937651789067
1461161229.81022 -0.488096207226096 0.145143771204546 0.730756911363859 0.0609030668926443 0.991516867753855 0.0768364444478964 -0.0853304061121291
1461161229.93219 -0.500226805007619 0.138925379961878 0.679834726935906 0.0518093847578647 0.994312190763371 0.0583530704182699 -0.0724843025979929
1461161230.07017 -0.512352729557577 0.132893896329537 0.623901106371573 0.0478868229978025 0.995803813832483 0.0600866756529794 -0.0497112456978461
1461161230.19028 -0.521209981034259 0.127273048653905 0.576730697499576 0.0544227018224969 0.996124942262487 0.065871128137999 -0.0208389876607242
1461161230.31026 -0.530266160916244 0.122208746767559 0.530497267226486 0.0680633431239532 0.995619274989321 0.0635866460205056 0.0081473333301092
1461161230.43233 -0.540108916506009 0.117948326171692 0.483343340805071 0.0709519396255712 0.994702589613415 0.0619717330794102 0.0411349581119294
1461161230.53076 -0.550004067269566 0.107940547600677 0.447145086424145 0.0614052079744624 0.994089982537763 0.0529930904652399 0.0721542750959841
1461161230.63224 -0.561586421865939 0.0878411198292083 0.417003909600503 0.0694237370683323 0.991842615611966 0.0296761914193212 0.102702941780291
1461161230.73191 -0.574127041911728 0.0640381181585343 0.390922830548051 0.0734301765194106 0.987758821099503 0.0157164281445701 0.136724227563461
1461161230.85051 -0.59521925218924 0.0319600965460624 0.359541861752446 0.0815167188477395 0.98501621782098 -0.00200892296587847 0.151967231357513
1461161230.96994 -0.621676725881793 0.00304597660753482 0.328940929610829 0.0864380634059123 0.980500309091 -0.0261924795675274 0.174532401235972
1461161231.09075 -0.654883789868551 -0.0203046792526381 0.299219148905246 0.0958409050611308 0.975012646983612 -0.0526177491735411 0.193381052874849
1461161231.20993 -0.701361219364868 -0.0402309337390301 0.269036268432155 0.10490216021794 0.971755289365754 -0.0840799155163868 0.193952989608426
1461161231.30988 -0.744231561698674 -0.0567740792431367 0.245513041386575 0.101550370656156 0.971079547138206 -0.105751091532722 0.18843763421645
1461161231.4099 -0.787043378158869 -0.0752553733396656 0.222915574465066 0.11399810190072 0.967562097121171 -0.122696197692162 0.189139271568336
1461161231.51041 -0.833100400193283 -0.0900018951862653 0.201946462087209 0.112251672732088 0.96960133488618 -0.122894548051925 0.179359257957037
1461161231.60992 -0.884862360998866 -0.107511949932679 0.183897856559671 0.125600757242859 0.967912022790169 -0.133170117321122 0.172152507303677
1461161231.71004 -0.940652902507311 -0.122421841575417 0.170972700760096 0.131514660393718 0.965325791239081 -0.153687923572742 0.16501525086508
1461161231.79092 -0.989501572492431 -0.131004757333933 0.164440369504466 0.125601075767675 0.964696093165353 -0.170425990453325 0.156655033035999
1461161231.87022 -1.04469436686032 -0.139033010721833 0.159950449854854 0.128940562088728 0.965039817127173 -0.179149388292248 0.141343480507267
1461161231.93002 -1.08740003558399 -0.149294946298724 0.15756377617002 0.142124825401063 0.963842355561418 -0.190436080369411 0.120592482867176
1461161232.00996 -1.13983886203913 -0.160546194261792 0.151838707360676 0.139267967072188 0.96303330857676 -0.197822638729163 0.118479886586333
1461161232.08996 -1.19056238756212 -0.17651007807895 0.146069214005079 0.130460316791066 0.963671152648332 -0.205808482931783 0.109365824870148
1461161232.16995 -1.23900347910988 -0.188768467300812 0.139703952430747 0.137814400136191 0.964019236475557 -0.202042514497371 0.104177373530753
1461161232.24989 -1.28581344765343 -0.197895074948147 0.135422630902509 0.126573225011854 0.964159518768329 -0.212179496439387 0.0967238459184191
1461161232.3302 -1.33205501262333 -0.19848668639929 0.129818463064879 0.12390233662248 0.965164051407498 -0.212539719521716 0.0890698179844614
1461161232.40988 -1.37870649863056 -0.1934819759084 0.124922140755641 0.117678801237703 0.965759727521149 -0.218322252044752 0.0761264914444446
1461161232.48983 -1.42520996598436 -0.183368085776644 0.12097639778973 0.113926911689994 0.966662410713965 -0.221593283855305 0.0589988055444228
1461161232.57013 -1.47196491282792 -0.168353872301874 0.116051910468557 0.128575170776419 0.967579122502354 -0.213538103811472 0.0407497899134442
1461161232.66987 -1.52050929635636 -0.153452492275906 0.112588649253861 0.133178027802695 0.968972428945798 -0.206394504786701 0.0275200517317281
1461161232.76983 -1.56312231172731 -0.134732591735383 0.112234406986895 0.119464818032278 0.973216658169362 -0.196119415706256 0.0107083284041184
1461161232.86977 -1.59924801980745 -0.10938018512081 0.115080602479144 0.12151690205268 0.97627928901106 -0.179013194490298 0.00816508187083482
1461161232.98988 -1.63785365582298 -0.0764598841177873 0.125927254505342 0.103983224412076 0.979605700163921 -0.171640775528587 -0.00998025165853782
1461161233.10981 -1.66148457623698 -0.0388898474468334 0.143411652361972 0.0822812254822406 0.984239514237698 -0.156517173659105 0.00218011376898521
1461161233.23244 -1.67269467225008 0.00367667458205623 0.164729478547777 0.0736636299460293 0.990179566805872 -0.11688109266022 0.0213753428478643
1461161233.33167 -1.67296731059173 0.0370019819801759 0.188005038803922 0.0545221008317786 0.993712732532511 -0.088741302053569 0.0410770864776952
1461161233.43222 -1.66561244239882 0.0685649623342555 0.216345125127098 0.0379953640017917 0.995057310119978 -0.063163068946501 0.066541179824411
1461161233.55034 -1.65333223080192 0.102801971243225 0.256168968698553 0.0256537777998398 0.995411569219895 -0.0403495303034277 0.082883092075984
1461161233.66987 -1.63249318307745 0.132194506235609 0.302708023418545 0.0187671913317765 0.994924765499459 -0.0216416397581996 0.0964579854337644
1461161233.76974 -1.60253441809847 0.150623277494871 0.350263235408345 -0.0115223744051242 0.991147072745842 -0.00889490538434936 0.131968161817994
1461161233.87003 -1.56777242487454 0.159466388332042 0.401446619963902 -0.0160959543422708 0.986724627502161 -0.00300053398665544 0.161574832601891
1461161233.94982 -1.53335979137995 0.159774473741674 0.444934186559363 -0.00255973644439965 0.980142888833074 0.000617674297043267 0.198275020357467
1461161234.03314 -1.49541915479424 0.156804878124117 0.488585200163427 0.00794532880316647 0.971056147605348 -0.00183997309373085 0.238712053418099
1461161234.11074 -1.45325505697964 0.154444597366174 0.529114654067841 0.0116642156677099 0.961147053712659 -0.00207621590428943 0.27578248048027
1461161234.16986 -1.4153069288072 0.154312808017162 0.558665268563284 0.0210822510032346 0.944575124021052 0.00104522004880768 0.327616057738781
1461161234.24977 -1.36907911011463 0.154656213892037 0.592030042945912 0.00869206940846141 0.931666236783732 0.000112408196416518 0.363211313880825
1461161234.30997 -1.33221856882633 0.153062014745624 0.617263420882733 0.00577658074628133 0.914465204360996 0.00107408437042002 0.404621882095678
1461161234.38983 -1.28425230812579 0.15050975379308 0.645754271199818 -0.00264954604300752 0.902677231605682 -0.00597904747863642 0.430268574773613
1461161234.47135 -1.23590145039451 0.147036563793701 0.67199073088295 0.00952056727002066 0.887759965199793 -0.00247671916495182 0.460201552419696
1461161234.56981 -1.17812492805245 0.138299403914955 0.698857802544995 0.0253937997191317 0.876224922066042 -0.0101654856049474 0.481125455352966
1461161234.66975 -1.12127927718615 0.124717489628541 0.720662112784232 0.0459878214834704 0.861820032762989 -0.0144137281152744 0.504919395394378
1461161234.76969 -1.06744770344023 0.109607418349523 0.735111434537043 0.0610972354692294 0.849445893150378 -0.0336281806312585 0.523046793217784
1461161234.88982 -0.999418207500455 0.106281425786374 0.744806209518502 0.0441858609399452 0.841261806567004 -0.0121003784703857 0.538683360932459
1461161235.02974 -0.917675054980361 0.110217899911671 0.742899377113573 0.0380796706213746 0.841977969250114 0.00707723709016461 0.538119829311271
1461161235.16966 -0.841433820627368 0.107588770825485 0.730590987788996 0.0431778775908324 0.850498899021878 -0.00852718699163361 0.524132216841643
1461161235.26986 -0.793093838605018 0.103027010096093 0.714296429318189 0.0392088040724631 0.867992435528747 -0.0214351993405675 0.494562770310617
1461161235.40969 -0.725833756723321 0.0982452128745274 0.692067811093752 0.0296684464581716 0.877619162996993 -0.00947721825333183 0.478345659914872
1461161235.52972 -0.668341131462159 0.0989409897947218 0.667884751680457 0.0172974974064949 0.885572873939041 -0.0016512484802814 0.464175349308078
1461161235.6297 -0.620931840232244 0.101688426826802 0.640808066346904 0.0186041068958833 0.900685027484857 -0.00330879516149653 0.434061539814102
1461161235.7497 -0.561995609527749 0.103786261806804 0.606727145765371 0.0373518712819134 0.911554140316408 -0.00043712824967861 0.409479786928058
1461161235.84965 -0.514406548815974 0.0998721253527782 0.578236709305986 0.0404901931550312 0.922992154244033 -0.00957618605039666 0.382562836829397
1461161235.96988 -0.456949072828555 0.0933470391399385 0.548981121142004 0.0376874649334676 0.925916958191145 0.0032737432056506 0.375828051276603
1461161236.08958 -0.401873286453566 0.082457159990956 0.518800996885061 0.0365020718792302 0.928978845039473 0.000485020645862349 0.368328208222807
1461161236.18958 -0.355571704737745 0.0789182384008042 0.488293032014637 0.0427150569212079 0.932028323758209 -0.00666402399095259 0.359797468597167
1461161236.28965 -0.308946622704988 0.0799557328107065 0.452807772817047 0.0407864737441144 0.9394115689797 -0.0146517245663884 0.340040724904901
1461161236.38968 -0.265851108207599 0.0784240350025489 0.416333608716046 0.0238601842152544 0.947124777627673 -0.0301640604480112 0.318552156907208
1461161236.49032 -0.226636861455678 0.0754202184324372 0.378851528467672 0.00869260087290793 0.954263910790794 -0.0337524108263952 0.296926930431934
1461161236.58978 -0.190006793126919 0.0731877710625722 0.342094658271976 0.0152991996592715 0.960910045579618 -0.0139017985043283 0.276087954812061
1461161236.70988 -0.146917467764594 0.0691228538649069 0.299379586049861 0.0108450097280608 0.962434871379006 -0.00628832405289402 0.271223083638323
1461161236.80971 -0.114619088550527 0.0710953887940065 0.260757255813196 0.00666418481716473 0.96556173560859 -0.00308358526245 0.260070403681732
1461161236.8898 -0.0900752905382351 0.0736101041350012 0.227667402286857 0.0119093329747271 0.970167825809438 -0.00362032108642149 0.242114540718886
1461161236.98969 -0.0586516886401271 0.0744870694081583 0.191174365985677 0.00529947760932412 0.970186510425027 -0.00775163102254572 0.242177543845146
1461161237.08971 -0.0317695801640065 0.0723818814281822 0.15953524470362 0.0030801231148037 0.970834973207766 0.000918152831718818 0.239727187931723
1461161237.18975 -0.00385334496963899 0.0602217047546867 0.13383422894366 0.0175689427889137 0.968736312567668 -0.0189458108954456 0.246743480585791
1461161237.28971 0.0248232058233865 0.0581546248940263 0.107780016814648 0.0174944035089353 0.969728093572407 -0.00494944751589105 0.243509493350012
1461161237.38973 0.051821756577781 0.0596811573370241 0.0791353572027523 0.0212181829325341 0.97300887312438 -0.00603835493830782 0.229710817777278
1461161237.48969 0.081408157131251 0.0628314768311048 0.0517982245322675 0.00904704068910908 0.972641783107039 -0.022083893011103 0.231080969529307
1461161237.56967 0.106830381864218 0.0670300994935327 0.0321351705823351 -0.0100892327256288 0.969391903386958 -0.0280815241010777 0.24369852899634
1461161237.66991 0.129031744289492 0.0747982010476272 0.00603252587715848 -0.0191332813558144 0.973769769788274 -0.00318141648467551 0.22670736992917
1461161237.78972 0.154092341998005 0.0772801172107419 -0.0207390069180361 -0.0187395736607519 0.973327695465688 0.0179426059272775 0.227947556492726
1461161237.88971 0.175118710740454 0.0746316783303545 -0.0403597693819143 -0.0256965489082398 0.968205334478671 0.0127544631822387 0.248506421104535
1461161238.00978 0.195681334675313 0.0727806846069244 -0.0630618905255731 -0.0292423165801624 0.965534097221355 0.00435275899973801 0.258592048433547
1461161238.10969 0.215315437357642 0.0697684463002765 -0.0777268684338758 -0.0361044661674749 0.959040461232582 -0.0090820906544888 0.280811995596522
1461161238.16965 0.228972621591589 0.0666356296628195 -0.0821594213266842 -0.0339782111885094 0.950643236630455 -0.0187452546011569 0.307849855031864
1461161238.24953 0.246379820728402 0.0615839490715862 -0.0846983035286252 -0.019714327333579 0.937471844880959 -0.0327424607487555 0.345956379645458
1461161238.28956 0.255350678276852 0.059957988742876 -0.0840985174918197 -0.017848940639411 0.929019497713757 -0.0335781672185688 0.368071589330079
1461161238.34956 0.270036475090841 0.0574200978384648 -0.0804207558699448 -0.0174266760423325 0.909565663695836 -0.0333117392642894 0.413856185667022
1461161238.40971 0.283255429438416 0.0540047399922021 -0.0759277262443462 -0.0081165604779526 0.891040410918865 -0.0373642242747264 0.452310758549801
1461161238.47027 0.295041134157105 0.0516414422561526 -0.0717422547624784 -0.00369757927962149 0.870066182104561 -0.0311921675859458 0.491933141134803
1461161238.54983 0.308068760249764 0.0497977574789509 -0.0680945590493942 0.00107231349958227 0.844370044133152 -0.0269662292665156 0.535080275466666
1461161238.65001 0.319884549972102 0.0520478886254566 -0.0697600680248596 -0.0068065362404818 0.818203146392497 -0.0281537177982145 0.574199138341362
1461161238.73199 0.327057587209706 0.0566354883476091 -0.0713805589498263 -0.0124067479221686 0.791239002748234 -0.0260624088125733 0.610825395659727
1461161238.8695 0.335398132882324 0.0664682404144132 -0.0787463571612908 -0.0353647406359603 0.762542593849835 -0.0469235621396733 0.644264159332677
1461161238.96956 0.340020000002975 0.076752932862062 -0.0825885320027541 -0.0421246561206779 0.727355959015575 -0.0360345044586492 0.684017789768415
1461161239.07002 0.34208050311814 0.0880906509129169 -0.0858837557193293 -0.0458768560999349 0.689283977579865 -0.013506361999251 0.722911122138545
1461161239.18957 0.344333729976164 0.100263331574945 -0.0935526504597922 -0.0562582299223879 0.661586331554665 0.0185012887789732 0.747526748537842
1461161239.3313 0.344953300264694 0.108889324730949 -0.0999470281293925 -0.0674032694534504 0.624603426382224 0.0242267597680682 0.77765057907116
1461161239.44971 0.343562612949542 0.116293172204195 -0.104055315058072 -0.0656923464436802 0.586188029598945 0.0234052402004266 0.807168076861808
1461161239.56936 0.341447249803245 0.124774324275085 -0.108729910387818 -0.0628378631213149 0.549117157528909 0.0176526604261924 0.833192735113308
1461161239.6695 0.339739606780579 0.133460096013419 -0.111684884944209 -0.0650809569339259 0.515973838337505 0.00503001922287498 0.85411367282256
1461161239.78941 0.339971703747061 0.146137653715073 -0.117419246449338 -0.0646899061036864 0.492807875644517 0.0208911091321309 0.867478631039557
1461161239.93168 0.338613160018598 0.157229842888769 -0.122740086390604 -0.0726275047454993 0.461684219034667 0.0244971442415365 0.883726664400708
1461161240.46947 0.345721923710617 0.155750144959355 -0.127683911705092 -0.0288428535041176 0.458518119212597 0.0110389743249888 0.888148278837118
