1461161170.97319 8.48281135378512e-06 2.26509222524463e-08 -1.06806690988936e-05 8.73377235909149e-07 2.82209240257163e-06 -2.98450618095267e-06 0.999999999991183
1461161171.17307 -0.0370750414599939 -0.0200267687235223 0.0401198461031111 0.037280552286942 0.00568544294869333 0.000967027942118339 0.999288197176679
1461161171.31308 -0.0687440694011481 -0.0342812045628058 0.0757297273823772 0.0557658901020893 -0.00261893315334412 0.0136276487210916 0.998347431448889
1461161171.43324 -0.101505095085272 -0.0524195266970892 0.107612643428807 0.0758720485551245 -0.0140732402294005 0.0198465753923459 0.996820690797844
1461161171.55307 -0.132122865383344 -0.0741080393047387 0.137418869216065 0.0921739423789777 -0.0129532961775355 0.0494432946657227 0.994430257522896
1461161171.69309 -0.17298143379845 -0.0974418943001298 0.170062430171525 0.106772541885406 -0.0154225782936258 0.0619894742547481 0.992229345191789
1461161171.81305 -0.212429160302295 -0.116793435682874 0.199368299650974 0.129406023325298 -0.0169641677001993 0.0533546186031357 0.990009890261247
1461161171.93335 -0.252975025625232 -0.134410435864297 0.229669586885217 0.141596353775362 -0.015801940546025 0.0733445744822224 0.987077172599247
1461161172.05313 -0.295376409645191 -0.153817029904455 0.257884105415842 0.148635263409076 -0.023408996361691 0.0954884809176317 0.983992645995231
1461161172.15304 -0.335023707449807 -0.169536706378004 0.277859303789777 0.152134017546838 -0.0459620246218545 0.116615786844511 0.980379258887271
1461161172.27304 -0.383269852100415 -0.187892096525407 0.29603437717224 0.160619701608313 -0.063674609865799 0.115999652892563 0.978105789801134
1461161172.393 -0.431182109725652 -0.204119326820247 0.310678967975759 0.165934490720257 -0.0716599770263402 0.123698981018477 0.975719813561754
1461161172.51303 -0.480707410911409 -0.21657985137397 0.318069272373531 0.183639835209041 -0.0861747031600008 0.135294655373077 0.96981734759034
1461161172.61299 -0.526915862102603 -0.220731011451224 0.321488383520863 0.181085190660056 -0.10346969923542 0.154252996954361 0.965768185432892
1461161172.71304 -0.576887175798382 -0.222839638300722 0.32303787825341 0.178648817297677 -0.117078705056697 0.168711839309487 0.962243987862329
1461161172.83471 -0.637375395647143 -0.228472234766997 0.322295116652288 0.176866323418474 -0.115033617615561 0.169635641396226 0.962657425892929
1461161172.95287 -0.699668795680723 -0.232798641130656 0.318061479837839 0.16968299200215 -0.122584997699759 0.17862322995269 0.961391877584483
1461161173.07302 -0.76411154073894 -0.235081578003369 0.309881399254408 0.178612425379084 -0.130043912283533 0.180004739808638 0.958532459557118
1461161173.19306 -0.83009617925492 -0.230371916731581 0.300644995952725 0.175505622379587 -0.136215274586323 0.17117607661086 0.959865577192265
1461161173.29301 -0.887175284738188 -0.221813751814364 0.29248839723459 0.164311222495409 -0.145694201592526 0.18260072295101 0.958348578421312
1461161173.39291 -0.946449185479939 -0.213689217080457 0.281824089953958 0.147887408474889 -0.154788064923623 0.184789561690913 0.959178183270378
1461161173.49298 -1.0026751735799 -0.211360710864239 0.268917659391955 0.127969598743764 -0.160117109931287 0.209883360811158 0.955999617028807
1461161173.59291 -1.05914208212688 -0.212052744858096 0.253172064632869 0.127947321108324 -0.169408926140274 0.20911210851078 0.9545691304664
1461161173.69301 -1.121198133348 -0.213104262618304 0.237259357500508 0.131067699235202 -0.183501996208766 0.200007064027105 0.953491190281193
1461161173.77299 -1.17214678882447 -0.206282330706867 0.223786200973992 0.120102158590131 -0.201923077405768 0.199824281211861 0.951248021785664
1461161173.87281 -1.23146321031399 -0.193265571115381 0.206491627164738 0.119077043423246 -0.210232717493854 0.196181627013926 0.950334483982822
1461161173.97328 -1.29183492161297 -0.174303053493676 0.190576085632317 0.109135120975342 -0.219988789684368 0.189719970707724 0.950631784918622
1461161174.07299 -1.34997213767195 -0.158141829173231 0.176344427605664 0.11197743551953 -0.222194733537004 0.171923664458702 0.953169873591261
1461161174.17298 -1.40719528293811 -0.138304494469018 0.164550204192302 0.0987741310739825 -0.232197184303321 0.156318602737296 0.954930695427919
1461161174.25304 -1.45148262028718 -0.117600852463919 0.158279985080561 0.0754689839682717 -0.237021529257479 0.13412411161331 0.959237170782692
1461161174.33473 -1.49642368795949 -0.0957810502336389 0.15120398357211 0.0654149089174444 -0.25449545682312 0.110376204612711 0.958524932176001
1461161174.41295 -1.53703589173781 -0.0717629581079466 0.145183546870197 0.0475740104651702 -0.266857227265237 0.0986338431489892 0.957494281325079
1461161174.51329 -1.57766223415877 -0.0421057970964007 0.13915983998689 0.0273618094194965 -0.264542655553783 0.0910927832929941 0.959672141728507
1461161174.63474 -1.61314690296355 -0.0111124399182038 0.134234304333802 0.024295273062788 -0.252177682616625 0.0763868552010945 0.964355331011034
1461161174.75282 -1.63383367570621 0.0184275274063596 0.131471895212998 0.0175892266576852 -0.231401417559006 0.0511173794727384 0.97135524735964
1461161174.87285 -1.64416351038555 0.0496712631940467 0.127714136454223 0.00115660547400799 -0.221657656901838 0.0161745967385523 0.974989706520489
1461161175.01277 -1.64290803657724 0.0799967146338431 0.121445142169582 -0.0107305261541989 -0.210966027335447 -0.0201478913612866 0.977226817884388
1461161175.17351 -1.62617524721651 0.108525623884509 0.115518125895454 -0.0316851974542429 -0.193757583330506 -0.0268401373216952 0.980170216948444
1461161175.2931 -1.60068450208292 0.123986499964429 0.113808496681879 -0.05363177377498 -0.166013622960777 -0.0188343355891062 0.984483812785209
1461161175.4528 -1.55604318484098 0.131750163027024 0.115989232333271 -0.0647813409981715 -0.146493162676373 -0.00507350063392999 0.987075169750952
1461161175.57277 -1.51019862440882 0.135598611415274 0.121559940688627 -0.0640427670602221 -0.117708959990166 -0.0151492724722156 0.990865088833422
1461161175.67322 -1.46677087311258 0.140749105218825 0.125958617829176 -0.0663538965035809 -0.0929064334156599 -0.0276485316014819 0.993076590072012
1461161175.79286 -1.41043260707281 0.150422543606602 0.128956741172673 -0.0797839497630434 -0.0731270018495072 -0.02139870812961 0.993895899101659
1461161175.89282 -1.35963341668979 0.160375984169174 0.128842909634356 -0.102854806239653 -0.0558291206297319 -0.0102894277083589 0.993075085681113
1461161176.01273 -1.30152674568145 0.161451041244605 0.130709673836737 -0.106117401003942 -0.0559051525142524 -0.023170681025761 0.992510368040218
1461161176.11278 -1.24793983052108 0.15184482415891 0.136604332342401 -0.081550012352431 -0.0406775459406822 -0.0351325579356671 0.995218888543851
1461161176.23282 -1.18273351446152 0.142960183526256 0.147071662412813 -0.084704355574947 -0.0344937376019422 -0.0173453609062265 0.995657819066327
1461161176.33282 -1.12557099554164 0.134709677109343 0.160254432802857 -0.0749778119982432 -0.00815770248864313 -0.0326014817602894 0.99661874505003
1461161176.43274 -1.0689890602492 0.126006160628317 0.176883531895059 -0.0565354884022065 0.0125671821206837 -0.0318146673304338 0.997814427349757
1461161176.53466 -1.014388778312 0.119405009849413 0.196504887006822 -0.0408105061514713 0.0204723896822769 -0.0386139308174265 0.998210573073229
1461161176.63498 -0.962195810141094 0.108648467595335 0.216128105078235 -0.012056779176958 0.0353843148957461 -0.0428579419522266 0.998381580933291
1461161176.77279 -0.897879502234343 0.0983771832918331 0.243778892534445 -0.0112064359598733 0.0565079378719722 -0.0537998148726925 0.996888583879963
1461161176.85267 -0.858909952658033 0.0929603837610763 0.261343802793355 -0.0106211054842087 0.0968011354370707 -0.0489388549607997 0.994043118165159
1461161176.95262 -0.815860395497707 0.0879482720972384 0.288700261703835 -0.0167679541035089 0.12936192440321 -0.0492091323000125 0.990233704500186
1461161177.09362 -0.76366166877029 0.0856312670937408 0.338193700601181 -0.0082935248301217 0.14058196103558 -0.0262468191490794 0.989686331198849
1461161177.21275 -0.722342253979886 0.0870164930578572 0.386216190554613 -0.0128742525477345 0.147681780625384 -0.021177595862211 0.988724357303971
1461161177.31318 -0.691064443445682 0.0819786683752707 0.424377596688886 -0.00696574250857359 0.169679134932464 -0.0155022108045185 0.98535280537483
1461161177.45363 -0.664502323131548 0.0728808342116426 0.482105822511106 -0.00971216229371089 0.161668357644484 -0.0167506836423559 0.98665517311654
1461161177.59287 -0.640789867005641 0.0704276512287105 0.545382639772986 -0.0139638910730469 0.166379514413623 -0.00447993550795218 0.98595273573708
1461161177.71274 -0.621011555454719 0.0772520558417191 0.605404977333495 -0.0204527545299075 0.178346831366122 -0.0208686529647482 0.983533726873278
1461161177.83453 -0.600595443621681 0.0864722453786767 0.666933022492475 -0.0267753398324258 0.187959428719399 -0.0287690832044954 0.98139017428539
1461161177.91298 -0.581900403888704 0.0908811068263935 0.705963703845522 -0.0340822113281348 0.219463930669786 -0.0356447312150711 0.974373357159645
1461161177.99335 -0.563245691665218 0.0916212350040793 0.745246165599075 -0.0318829622958396 0.250796273046572 -0.0176101063282284 0.967354428478156
1461161178.09274 -0.547771655485787 0.0925050871583305 0.79427424952282 -0.0392433653832211 0.258561567847713 -0.00943627567722734 0.965151195723693
1461161178.19273 -0.532892275840163 0.091551743926951 0.845391504423743 -0.0366836685498354 0.260171661568426 -0.0136544076973432 0.964768662493183
1461161178.27268 -0.520518863000324 0.0926921868402566 0.887378353648672 -0.0339777740261367 0.257118421489171 -0.00748375046271343 0.965753395894706
1461161178.35274 -0.507036990813849 0.0929144472508402 0.927896429679842 -0.019732811861893 0.263592852781162 -0.00643406759519098 0.964410714826879
1461161178.43454 -0.49340826894691 0.094139088020117 0.970016983904464 -0.0124328317882795 0.259516339132865 0.000169668763004394 0.965658669318156
1461161178.49271 -0.480337545913094 0.0953863203466309 0.999315182873058 -0.0181642523082113 0.279001407987261 -0.00641574590319743 0.96009744947256
1461161178.57297 -0.469871563693189 0.0938228238772236 1.04025792763847 -0.017660723110866 0.256373900689672 -0.00359786028522423 0.966409632250078
1461161178.65286 -0.457651117783665 0.0883194364337479 1.07597069657721 -0.0172418572724426 0.256832540963897 -0.01654923746316 0.966160383683378
1461161178.71268 -0.451381806407266 0.0828641437394811 1.10309804354325 0.00112908951300115 0.232394007914255 -0.00817445060806003 0.972586720349233
1461161178.75271 -0.445159054526232 0.0813346599279943 1.11987680777187 -0.00187519584964724 0.232860568858683 -0.0073561344000461 0.972480501808661
1461161178.81302 -0.435331051201693 0.0793973806334299 1.14441117107121 -0.00382521723146285 0.239967709376288 -0.00656889189769467 0.970751109105246
1461161178.87268 -0.426783225080076 0.0765327440762522 1.1684895456891 0.00227966681489924 0.2353745947288 -0.0108843634459204 0.971841105277938
1461161178.93455 -0.418612467982714 0.0740360448861677 1.19240607090946 0.0142028415672525 0.231748055542347 -0.00650622274504865 0.972650393054642
1461161178.99317 -0.412007839196786 0.0724686620989242 1.21646026477885 0.020035345098497 0.219598822483304 -0.010688313311603 0.975325946578519
1461161179.05257 -0.402899995009817 0.0694490526115183 1.23806145409004 0.0357636982448515 0.226444273927405 -0.0118059725306148 0.973295724693142
1461161179.1131 -0.394950245680648 0.0675830827939838 1.26086401599024 0.0453173693632813 0.234592510829162 -0.0189778614311842 0.970851446243121
1461161179.17268 -0.388028364375319 0.0693493796996438 1.28245836813694 0.0342430790044629 0.238649498003789 -0.0228318854703703 0.970233236726459
1461161179.21304 -0.382981056258751 0.0700538129823075 1.29646583321733 0.0287368854833151 0.245550798227512 -0.0244525109119918 0.968649096222492
1461161179.27258 -0.376515666210171 0.070255518684386 1.31790850584656 0.0269473376204045 0.246120227726661 -0.0202993804199237 0.968651954859699
1461161179.3533 -0.367901068834857 0.0713938167497392 1.34558102039048 0.0178347098621229 0.240708641969317 -0.025470455612153 0.970099236519816
1461161179.43523 -0.35887482711195 0.0726785247842316 1.37103890735888 0.0164846198394185 0.240561394113348 -0.0215092587412105 0.970255546111124
1461161179.53446 -0.349170044796671 0.0755795851187031 1.40078233643635 0.0147321575367523 0.232434077519038 -0.0284688259962235 0.972083787072176
1461161179.63516 -0.34329039657467 0.0794976713042813 1.42827971363365 0.00998805029169116 0.217963542178841 -0.0355261602357201 0.975258952827981
1461161179.71265 -0.342246628943085 0.0794311886178817 1.45005643889866 0.0278375446425091 0.192853115746701 -0.0361311673657207 0.980166968225239
1461161179.77312 -0.341592899348352 0.080758468852486 1.46595283506448 0.0318019755770293 0.171828990069109 -0.0291717383178336 0.984181102340796
1461161179.8526 -0.341528807794621 0.0873937622932359 1.48744550055132 0.00960166660378726 0.145214095768462 -0.0319434510556046 0.988837848346854
1461161179.93438 -0.344660159495008 0.0922126696892257 1.50790833399204 -0.00773370795785754 0.108317553636139 -0.0522686439434547 0.992711179646838
1461161180.0727 -0.346688317614608 0.0912336189708087 1.5392182572282 0.0130130066865968 0.0701556237854677 -0.0545022570268178 0.99596102036537
1461161180.21248 -0.346697850948737 0.0935240972162575 1.56608700579532 0.00647014521647076 0.0275110231930794 -0.0316561114309212 0.999099179978055
1461161180.29266 -0.346189478615254 0.0953807230145587 1.58118622822258 0.00642347721558758 0.00392928064043435 -0.0203620511521237 0.999764315509905
1461161180.43565 -0.349858347293839 0.105037785201934 1.60605898497881 0.0134413481222857 -0.0432798669406743 -0.0144355336299118 0.998868258904583
1461161180.63471 -0.349646842460611 0.114130399747482 1.63838419923879 -0.00500513087024042 -0.0841296887623383 -0.0254634526317729 0.996116838886781
1461161180.81285 -0.355344727195039 0.115013642788564 1.66014121260525 -0.00920402714014598 -0.129408060954106 -0.029549496973556 0.991108302292495
1461161180.9925 -0.360700123575284 0.121929073501318 1.68269399992011 -0.0219302288160847 -0.189752591226451 -0.0451694991202927 0.980547161301354
1461161181.15316 -0.367065211153625 0.133160441904319 1.70295573654525 -0.0400051718069779 -0.239628179181241 -0.0458457319259755 0.96895618623091
1461161181.27248 -0.37483635156187 0.141020763430119 1.71557342559477 -0.0658547442385574 -0.283008329809101 -0.0581639635539483 0.95508449430594
1461161181.37248 -0.381456807593145 0.145861288548968 1.7261109866538 -0.0726801122216406 -0.309423468253265 -0.0607036477932626 0.946197540541172
1461161181.53469 -0.39601847934235 0.152066081045911 1.74379953960492 -0.0758516419580589 -0.353208221471174 -0.0664068436319044 0.9300970980582
1461161181.67244 -0.417104808157507 0.160549398920691 1.76056787084131 -0.079254065097843 -0.400619001259915 -0.07082611269122 0.910058718301202
1461161181.83419 -0.443674522927116 0.166295303832121 1.77885013549692 -0.0698333307246738 -0.438149350536331 -0.067865207148928 0.893612201238951
1461161181.97253 -0.469844039184617 0.170155040811744 1.78964063669129 -0.0749991188638413 -0.469417126328848 -0.0721845624727665 0.876819298726613
1461161182.07257 -0.49155984321303 0.173104228769321 1.79316824721026 -0.0804048247645313 -0.500936579755645 -0.0777476287291037 0.858226609610948
1461161182.15239 -0.510160073618118 0.173846916749791 1.79385236870587 -0.0777927241955038 -0.529000573943169 -0.0774301422741206 0.841493468719425
1461161182.25242 -0.534881335803291 0.177242456232557 1.79482675069408 -0.0783677185016233 -0.559899494571712 -0.0820851356295641 0.820751538033203
1461161182.35236 -0.56213382120188 0.179647553075824 1.79779089497365 -0.0767261388449061 -0.585680288788821 -0.0770331419023698 0.803217027951253
1461161182.41317 -0.578824681586452 0.180340210234485 1.7990681991042 -0.0736519581756602 -0.602108876498501 -0.073435724587409 0.791610689829872
1461161182.49243 -0.600733747672118 0.180564067060946 1.80165059065095 -0.0680689600676087 -0.617925068638862 -0.0658936449639554 0.780508330369597
1461161182.53428 -0.611900808108546 0.181924788702811 1.80108550726158 -0.0679207927837223 -0.632417074710979 -0.070206670813146 0.768444163810861
1461161182.6525 -0.645034978452397 0.184912650716126 1.80216225166409 -0.0703947611082127 -0.65478210008336 -0.0735189347775013 0.748932537180836
1461161182.73443 -0.667403191086535 0.185095440668108 1.79976429762381 -0.0602568521182182 -0.674031749517106 -0.0778908275246335 0.732108824836335
1461161182.85367 -0.707088211013919 0.190238261754466 1.79847993661142 -0.0528893664986761 -0.692585699609489 -0.0805633863599232 0.714868732276091
1461161182.97252 -0.75397022506462 0.196005483736296 1.7965015205703 -0.0495130018705711 -0.706384649110228 -0.0778651988745123 0.701787860361959
1461161183.13442 -0.823551523794907 0.196729515049539 1.79708586858539 -0.0359909562037564 -0.706209546932354 -0.0709683270936122 0.70351703848782
1461161183.25273 -0.878068894258184 0.196187802361299 1.79488705788735 -0.035110662399513 -0.714023182849098 -0.0763402415606712 0.695061366541379
1461161183.37241 -0.933120696140725 0.194334992308701 1.79466352790079 -0.0371873155365596 -0.719744278125282 -0.0741389325102 0.689266781700198
1461161183.47245 -0.981246240434373 0.193052479656967 1.79934232543489 -0.0341731645274607 -0.715010886072067 -0.0569519830309765 0.695951219018587
1461161183.57243 -1.03033509623435 0.193455053854007 1.80197081327125 -0.0290112896881963 -0.716959775312475 -0.0384436705336105 0.695448854949389
1461161183.67254 -1.07820406485901 0.194952710115725 1.80147116112251 -0.0279719957641539 -0.726278858394069 -0.0259738420546819 0.68633952737089
1461161183.77237 -1.12524840582645 0.19621377518233 1.79668758823038 -0.0363229687992502 -0.746413295475933 -0.0305622684877636 0.663787452441855
1461161183.87258 -1.17343383258171 0.188908449407441 1.79333461598803 -0.0356201320392866 -0.758094601170324 -0.0173827104301245 0.650939031897776
1461161183.97234 -1.21614261693984 0.17621272072985 1.7853988845787 -0.0233406311495342 -0.778553511478833 -0.00128235504355562 0.627142727189801
1461161184.0536 -1.25481196662341 0.16447888582431 1.78245788893579 -0.00871782663818426 -0.781260898969296 0.0222628962235628 0.623746559663565
1461161184.13448 -1.29329178192695 0.155675208834307 1.77813644633832 -0.00819058365788797 -0.784837987733772 0.0599536860339278 0.61673965567352
1461161184.23503 -1.3418926968276 0.152442716420765 1.77174625934219 0.0005092058429967 -0.78836818581797 0.0749806096513745 0.610617107912807
1461161184.31242 -1.3831853076919 0.150688277489169 1.76747663520438 0.010668918824466 -0.790590471599495 0.0883288396150681 0.605847255072976
1461161184.41236 -1.42969349959296 0.151574528805991 1.76661385206547 0.0126638736272571 -0.792780372519472 0.0762640537799241 0.604584734635016
1461161184.51234 -1.47362227719898 0.146724155945138 1.76442861966637 0.026079640131941 -0.801303596351722 0.0771862510760908 0.592684301706401
1461161184.61236 -1.51504533383347 0.139819253421301 1.76416789865091 0.0480340214881406 -0.809560973574726 0.0907959359122976 0.57797911801918
1461161184.71235 -1.55666516240797 0.13650012557107 1.76728767148705 0.0612406017581252 -0.812089967822052 0.112959622128465 0.569209624503729
1461161184.81248 -1.5993063708536 0.137651920849398 1.76994051475896 0.0595470511720836 -0.819429852910804 0.122262563476319 0.556813012085284
1461161184.91253 -1.64080306939889 0.13733849504058 1.77353065375791 0.0582475688502769 -0.824538585736199 0.133814701267297 0.546659827570972
1461161184.99261 -1.67286950916436 0.137554061276618 1.77662785041036 0.054903493905112 -0.827214451682516 0.135063279016399 0.542641472747839
1461161185.0924 -1.7119238092156 0.136602696634986 1.77764583514733 0.0505588807541944 -0.834014142284879 0.133546535881401 0.532944211714301
1461161185.1923 -1.74833489346654 0.134010547166885 1.77858671482387 0.051482697538079 -0.838677484680079 0.143065839524266 0.522973970773035
1461161185.29226 -1.78704015466527 0.134643668512722 1.7838451554021 0.0586471462359906 -0.833270584084634 0.154814992421596 0.527496885354908
1461161185.37228 -1.82027621367959 0.141285493582998 1.78952338754277 0.0608253258690409 -0.82587910731388 0.147696415214194 0.540749247589149
1461161185.45231 -1.85510501081441 0.148776236510053 1.79360904257701 0.062974124655521 -0.816638308680555 0.141840881158586 0.555893242314915
1461161185.55239 -1.89773499469208 0.157731514336732 1.79344849745804 0.0698776343760226 -0.81139674317827 0.132128672000165 0.565061461620928
1461161185.67233 -1.95195577506515 0.166906228310781 1.79405906697641 0.061882989266718 -0.80566652700678 0.111870507269849 0.578408966479112
1461161185.7924 -2.00009604187921 0.172459101471966 1.79381654587531 0.0532418904646446 -0.800920979126028 0.0999730627079794 0.587959414439757
1461161185.89237 -2.03912977672225 0.174665532447502 1.79839207345312 0.0507990188300886 -0.786160825370325 0.0988271974003487 0.60795049255095
1461161186.01225 -2.08723525454203 0.176698127761982 1.79919177281766 0.0481023351316478 -0.777794396259109 0.117523939886501 0.615556793526288
1461161186.13418 -2.1376846315247 0.182240202931811 1.79671636311624 0.0474943855903991 -0.778427707641694 0.121385150199895 0.614052304469283
1461161186.2523 -2.19042058755462 0.185768341237121 1.79235992818581 0.0456753782168875 -0.777992670144326 0.130630068954622 0.612843332436077
1461161186.37226 -2.23992929019584 0.187945797403117 1.77902598739271 0.0343806023464767 -0.792736025621089 0.118650063269861 0.596916853800286
1461161186.47225 -2.27747300094617 0.186387559854412 1.76750536879524 0.0326970619474595 -0.809694754916344 0.115636254947735 0.574415844613141
1461161186.59226 -2.32431244366639 0.187841966044786 1.7586519010816 0.0339132184386185 -0.816642007723182 0.117122378700844 0.564117074058605
1461161186.69223 -2.36099316446165 0.193036606221337 1.74690393436216 0.0365334936836273 -0.828292976788229 0.116301919642112 0.546872848046164
1461161186.79235 -2.40090616691826 0.200694436388452 1.73550764832477 0.0427648102899399 -0.834046450762628 0.104857678057614 0.539946808790917
1461161186.89232 -2.44035062158494 0.205685610189547 1.72215427837651 0.0416233061242107 -0.843321840588559 0.102395320531539 0.525919168605651
1461161186.99232 -2.47820290999037 0.207464758041011 1.71018560142085 0.0407734837628819 -0.851395210306825 0.09425493401539 0.514373139172518
1461161187.09226 -2.51748932808853 0.2088175878579 1.70233355781664 0.0366309413692179 -0.851642212688286 0.0868201253797406 0.515583147058601
1461161187.21232 -2.5605759916663 0.211952065890613 1.69628701103021 0.0330497082339835 -0.853401817527242 0.090869537404349 0.512206776408482
1461161187.3122 -2.5982136285982 0.217006818540404 1.69193458512829 0.0252100161069838 -0.857038475169967 0.0934232347826093 0.506084584204041
1461161187.41228 -2.63308356688978 0.219594830028236 1.68685269142859 0.0245763224488822 -0.865886540878501 0.103870041503392 0.488720285212754
1461161187.49219 -2.65949452450731 0.220691030152397 1.68189827635251 0.0229092080228253 -0.876041441900189 0.110287866331694 0.468895667287731
1461161187.57231 -2.68286969955526 0.220809124408457 1.67407680743879 0.020056573455687 -0.889441131650032 0.106986346925909 0.443898782113419
1461161187.67226 -2.7074829328048 0.219465660125967 1.66307512742505 0.0141174476253208 -0.906824746306078 0.105456393706845 0.407858463423048
1461161187.79217 -2.73332045723586 0.216954403313092 1.65035400820883 0.00889211074495449 -0.921907686934599 0.106116771598236 0.372486748654183
1461161187.91211 -2.757135851216 0.218285854843622 1.63685723682926 0.0138586952547713 -0.935210588867727 0.104981491214836 0.337887522021492
1461161188.01219 -2.7766899046924 0.219062230543962 1.62424060136165 0.021491032341087 -0.944180451694772 0.111574279484278 0.309212856013355
1461161188.11217 -2.79613053567006 0.221200444403386 1.61075085561534 0.0209563340617751 -0.952440788039552 0.118294695266923 0.28004239395669
1461161188.21232 -2.81536477330876 0.222979322737661 1.59708521900668 0.0230428496481845 -0.958633976274187 0.128381058603873 0.252998479055867
1461161188.3125 -2.8340502463369 0.225048214093046 1.58099366347978 0.0229928610011611 -0.966667962274741 0.121299168968368 0.22430089313724
1461161188.39214 -2.84817846430485 0.219916131997708 1.56811524402001 0.00829812594824296 -0.969641435442785 0.144818569476939 0.196860889241248
1461161188.4925 -2.86699086392127 0.215202072004234 1.55145185637148 0.00969696436122167 -0.973892014873437 0.144287661555921 0.174989665325294
1461161188.59211 -2.88356998766243 0.210539885322234 1.53330312186865 -0.00173131431486834 -0.976344306645672 0.155872350784911 0.149841942366316
1461161188.67212 -2.89457985909119 0.211694079615349 1.51630792015354 -0.0129812608459267 -0.980969998080057 0.155496507644691 0.115543004305612
1461161188.75212 -2.90672971874408 0.21463522944478 1.49804615138166 -0.0253897164051661 -0.982946231433253 0.157112023987751 0.0921296929903903
1461161188.83391 -2.91631223938416 0.217363623661611 1.47789582477077 -0.0314071723240475 -0.985945158900065 0.154137536976339 0.0562792400712789
1461161188.89216 -2.92239948960682 0.211809043949977 1.46585592993501 -0.0351191243802223 -0.981660310665547 0.184946565327935 0.0300740675697103
1461161188.97224 -2.92937296671399 0.204806866115421 1.45100778649107 -0.0495141508661438 -0.978294758885456 0.201149995197742 -0.00513741503092575
1461161189.05217 -2.93648795276912 0.19773069293024 1.43542487157665 -0.0553320467810409 -0.975419222280695 0.211155077266128 -0.0301535860069834
1461161189.15216 -2.9439336716243 0.193815808642406 1.41343630787227 -0.0676582166480933 -0.975261013027594 0.202391238122891 -0.0576724277230785
1461161189.23389 -2.94833114091846 0.192935074716926 1.39435219959203 -0.0688030759104202 -0.974905533802314 0.196484883415192 -0.0788608109025523
1461161189.31212 -2.94768739559162 0.193476260624207 1.37396896377052 -0.0681931720398441 -0.973137512543366 0.194217410415436 -0.103114841121812
1461161189.37209 -2.94677763085261 0.196009240516399 1.35756815191095 -0.060400242145524 -0.974402479428276 0.183238971805361 -0.115391065704867
1461161189.4339 -2.9451624823846 0.198186684087827 1.34046409182122 -0.0566833777122235 -0.973479747139689 0.180088773645674 -0.129198336702833
1461161189.49211 -2.94495623191104 0.201398778625 1.32138635078479 -0.052427015193959 -0.974963078280342 0.173799508921231 -0.128421706758289
1461161189.55201 -2.94503225964215 0.20625510135883 1.30107688598021 -0.042717827505322 -0.978669909401467 0.157766002094262 -0.124459970386235
1461161189.65215 -2.94505229416894 0.208353647857337 1.27208772453242 -0.0426113608925853 -0.979432761011162 0.149876909473492 -0.128189900489897
1461161189.73209 -2.94737804561472 0.207798459121629 1.24856638606122 -0.0432045611016977 -0.981758641755301 0.14988396129122 -0.108711238547118
1461161189.85277 -2.9434603083539 0.205902334435848 1.21652089697889 -0.046024782800726 -0.98086668056599 0.139720264330021 -0.127516752072622
1461161189.9521 -2.93700812872691 0.198195602247767 1.19594634516175 -0.0623758658353677 -0.973233161233925 0.159730805997667 -0.153011551365396
1461161190.0921 -2.93136076798393 0.195726800858746 1.1630963552538 -0.0687191280824022 -0.971108010563671 0.16165862554534 -0.161534522754287
1461161190.21207 -2.92812582794695 0.19384269049676 1.13038097631064 -0.0836031936089212 -0.967772700840182 0.169502555430889 -0.166419317476331
1461161190.31239 -2.92468290671284 0.191865357329312 1.10120335151034 -0.0911735656619678 -0.965399671154457 0.173294790742955 -0.172220124726191
1461161190.41216 -2.92008268945007 0.18886148811572 1.07231257690802 -0.100146816121837 -0.961309770920146 0.181526852287314 -0.181389474481778
1461161190.51218 -2.91560566682067 0.187817313102644 1.0423288187566 -0.0990307858372913 -0.962736872541157 0.166945809056283 -0.188307499969235
1461161190.61221 -2.90836236915581 0.180864093775209 1.01639520186743 -0.110885349262944 -0.95725321957283 0.176104484836745 -0.200892815592473
1461161190.71209 -2.9044489353711 0.176076633454487 0.990447528096639 -0.114843766435902 -0.954909353600713 0.177838229315697 -0.208164838314595
1461161190.79224 -2.90058208076241 0.173468767936869 0.970331763549225 -0.117839479773145 -0.952748996508744 0.181933981143793 -0.212798574157689
1461161190.87206 -2.8976674296551 0.173954116647863 0.947678974949864 -0.117483390317191 -0.95411501882374 0.17760900670225 -0.21051656607686
1461161190.95202 -2.89422323968004 0.176641359614026 0.921779102503606 -0.117806389812938 -0.956670246138965 0.171429606359686 -0.203753735511812
1461161191.05213 -2.88919423651503 0.17896699958424 0.888360450232773 -0.115472035087886 -0.959086442866391 0.165980744363243 -0.198166083685321
1461161191.15207 -2.88141218201472 0.180608518111156 0.851278287065083 -0.110187097087101 -0.958703680245681 0.164514947094474 -0.204158980457406
1461161191.23399 -2.87750453109012 0.180604930742558 0.821418733799864 -0.112507427450572 -0.959640478531021 0.166365710524645 -0.196862086484011
1461161191.31211 -2.87383566804341 0.178652513977854 0.793994208318992 -0.109223120214129 -0.960783487671931 0.1668828914471 -0.192653835596146
1461161191.37202 -2.86884018618133 0.176579771797581 0.773221335168105 -0.108185189244939 -0.961588482526868 0.165170675541631 -0.19068875960799
1461161191.45243 -2.86275661394755 0.178207434005549 0.745075593528249 -0.104793022886899 -0.962993289574766 0.153241845640955 -0.195395197824182
1461161191.51209 -2.85685986699667 0.180458901137168 0.724268236655304 -0.0993718361665635 -0.965229316947157 0.141402692355657 -0.196119561689247
1461161191.59277 -2.84794918884747 0.184415584968934 0.697590719742776 -0.0904817396661947 -0.967264458943801 0.125578452293548 -0.201103390251611
1461161191.71206 -2.83393247765873 0.188782968678077 0.659224958866039 -0.0836318814219479 -0.966861383761237 0.111922348917386 -0.21367770312774
1461161191.81201 -2.82338306020636 0.195025992879568 0.625919167330534 -0.0717625806944906 -0.966014476246348 0.0895226250722123 -0.23162871863122
1461161191.89208 -2.8189241888374 0.198228649670241 0.597810847940296 -0.0759468165078057 -0.968321895816784 0.0794378769381631 -0.224219559476145
1461161191.9919 -2.80868373212306 0.200441165902349 0.565675256354434 -0.0715371112278154 -0.963831260438324 0.0732414057708897 -0.246063893328042
1461161192.09203 -2.79388419984345 0.206113223857292 0.537636018169207 -0.0526096148206693 -0.956913440580309 0.0494897311411966 -0.281246621627264
1461161192.19226 -2.77970743057143 0.210390747646035 0.516206611051333 -0.0467835993559868 -0.943199084776963 0.0307433397112221 -0.327477676140829
1461161192.33424 -2.76385531268953 0.212356765614965 0.48746597303975 -0.029850037815494 -0.93179016645996 0.0226130343236658 -0.361060537319728
1461161192.47186 -2.74842863191365 0.216786696559248 0.458974740883711 -0.0194000617388601 -0.917851251127186 0.0173385062986517 -0.396070820192701
1461161192.57191 -2.73718063594777 0.222661174220185 0.440229350433244 -0.0120240295566446 -0.902196454181683 0.00969454184264328 -0.431048717239339
1461161192.6719 -2.72913973505804 0.229432847321813 0.417878774117671 0.000108793312377755 -0.89483064072719 -0.00111270229108315 -0.446404384469276
1461161192.77189 -2.72156558981924 0.235827626691658 0.393740136973312 0.0134113807051852 -0.887265894754482 -0.0117178090429485 -0.460914373636082
1461161192.87196 -2.71238816217708 0.238861586227799 0.374281132556289 0.0190883004566526 -0.871765390578222 -0.0189478886969972 -0.489184748422928
1461161192.97206 -2.70452805349662 0.241820655750219 0.357004027178988 0.0308555502975436 -0.853368132021565 -0.0297589872582945 -0.519543231062845
1461161193.05194 -2.70117515281092 0.245391639349085 0.342267593470714 0.0471208964587601 -0.840224480909377 -0.0406765158079886 -0.538653751364654
1461161193.13429 -2.69811554227403 0.247253674444702 0.327412848173545 0.0470341093359838 -0.826289633237495 -0.0449186086882684 -0.55947792910599
1461161193.21196 -2.69509463882002 0.250179202872722 0.310406723766938 0.0498288146435255 -0.814813612684044 -0.0501294423489234 -0.575398040338847
1461161193.29204 -2.69134329638192 0.251525682679878 0.293819772793216 0.0451815158909086 -0.797933907712914 -0.0508181969281025 -0.598897003168971
1461161193.372 -2.68870869117191 0.254161141212702 0.277708316853888 0.0523137764686113 -0.778241791586401 -0.0536040239132765 -0.623481829117967
1461161193.45197 -2.68764010374948 0.255699337105387 0.262173939126717 0.0553424844947154 -0.761959159695329 -0.0541952505272255 -0.642976145114756
1461161193.5369 -2.68669683088708 0.257318038952884 0.249638685636866 0.0736918835515676 -0.738652838832301 -0.0617461653436552 -0.667194799926497
1461161193.61204 -2.684566033149 0.253708868455835 0.236576756937228 0.0712964003161787 -0.720290467072296 -0.0592262787723381 -0.687452335983747
1461161193.69196 -2.68154978632054 0.251681531510834 0.222824492463507 0.076756539219157 -0.703743603950926 -0.0607911808503263 -0.703674502817946
1461161193.77199 -2.6770278914852 0.249847232890433 0.210249491731436 0.0768605283783857 -0.685216323442663 -0.0606409020662928 -0.721729679493439
1461161193.85196 -2.6713642711149 0.25090981407844 0.198732638930711 0.0901356165440127 -0.663141799238317 -0.059257679570489 -0.740680128088448
1461161193.95216 -2.66162684471347 0.253378858907319 0.184686054578769 0.102068303116653 -0.637473081227314 -0.0518404625219941 -0.761920401784167
1461161194.03384 -2.65163967272673 0.256016183854559 0.173567083048127 0.111739097101286 -0.620497716424589 -0.0479876662016869 -0.774721977217231
1461161194.11205 -2.63932005303837 0.255979214524719 0.16337928986923 0.120391942231309 -0.601907917562852 -0.0365061991563058 -0.788593644689129
1461161194.19191 -2.62991405019434 0.256938359540712 0.156155409094345 0.137081830796185 -0.57290421129231 -0.0335412184078523 -0.807381151016556
1461161194.27201 -2.62040079925846 0.25452114775268 0.146251452489691 0.13393499821609 -0.559915006357701 -0.0292332052516054 -0.817130357788174
1461161194.35199 -2.61071903414066 0.254922032967023 0.13768681463837 0.137904084077175 -0.54163270280928 -0.0316894274748376 -0.828620696717543
1461161194.45211 -2.60014692288795 0.255450550128289 0.128787182816102 0.149301871561217 -0.513315454051621 -0.0344732046592617 -0.844409731078827
1461161194.55196 -2.59135806188115 0.254433433761279 0.12131160655417 0.151154865832598 -0.489078562325633 -0.036629931719176 -0.858261390551195
1461161194.65196 -2.5834177771292 0.253434843033766 0.115981144782689 0.15402020433479 -0.460499542288112 -0.0353127619969845 -0.873482087423236
1461161194.75199 -2.57435230211589 0.252829837101837 0.110963104218609 0.153609306554182 -0.434814192474567 -0.0299360627393586 -0.886817135101876
1461161194.85191 -2.5705229814346 0.251092608888287 0.111061389336467 0.142624703502256 -0.384734833488669 -0.029981092400664 -0.911448537192201
1461161195.01194 -2.57030457725051 0.246943140642329 0.109225731143676 0.147182357871593 -0.323687645688998 -0.0269212598716736 -0.934258479932933
1461161195.15191 -2.56616729424196 0.23720737584691 0.108046157449779 0.14001538156912 -0.309368431979744 -0.0179977265535265 -0.940405735870083
1461161195.23373 -2.56449663606608 0.226312435488228 0.110435514661341 0.114936872577003 -0.301752833961898 -0.0226198312581942 -0.94616229355858
1461161195.33366 -2.56569586372424 0.212227444350175 0.114033892997464 0.0876660476594747 -0.29518824751435 -0.0265886066761143 -0.951037122625713
1461161195.4337 -2.57249499412272 0.201117932527829 0.119703890204082 0.0730086211174439 -0.282160628007657 -0.0284698015026652 -0.956161383683347
1461161195.53374 -2.58150470780385 0.189207801899422 0.125600153238252 0.0484984010540075 -0.288423945161667 -0.0240715141444386 -0.955970760619476
1461161195.61189 -2.59444634118704 0.180874960334578 0.132723449370771 0.0321351017506789 -0.278617799211568 -0.028823487315529 -0.959431427344835
1461161195.69184 -2.60671820740742 0.174097533974774 0.14073310469811 0.0226871635600883 -0.281962882327356 -0.0233063702678202 -0.958873838783907
1461161195.77184 -2.61998852512102 0.169285632789828 0.150437513666037 0.0154718961809694 -0.284450964349968 -0.0209796128987448 -0.958336123263418
1461161195.85203 -2.63412731032844 0.166519273483261 0.161174785579213 0.0168631779362084 -0.286155809023766 -0.015099457967488 -0.957915702220678
1461161195.93361 -2.64813667843761 0.165194927018098 0.17204672706468 0.0206509266016363 -0.288261080921716 -0.0108846383734258 -0.957267263152678
1461161196.01176 -2.66596151418895 0.16416755289033 0.184073323419763 0.0223276739009876 -0.272005918725836 -0.0102007742159611 -0.961982431940251
1461161196.09183 -2.68333322979493 0.163873215110236 0.195475661312286 0.0235620460930668 -0.268104160815547 -0.00459684977044228 -0.963090783835817
1461161196.17179 -2.70072391269364 0.166945480212093 0.206834538466798 0.0345528290132521 -0.259833801409062 -0.0018332107352703 -0.965033231029324
1461161196.2718 -2.71998115221553 0.173434953099373 0.219480088869845 0.0464626503226075 -0.260056147322464 -0.00634086293236773 -0.964454154339162
1461161196.35197 -2.73523776966308 0.181239753941793 0.229541286355537 0.05718038541585 -0.255319766313568 -0.00973917622632379 -0.965115210169083
1461161196.43385 -2.74988077201352 0.190782129923468 0.237769245974392 0.073892129374695 -0.25051192294891 -0.0082876266073972 -0.965253875890757
1461161196.53365 -2.77247904869341 0.200589671923696 0.247036188437348 0.0831555846649259 -0.234130449360377 -0.006242169672108 -0.968622277639291
1461161196.63367 -2.79381033669598 0.210029159151468 0.255758661860992 0.0936353104080233 -0.217132238662133 -0.0034784384266793 -0.97163466387551
1461161196.73369 -2.81390528671627 0.220165849342816 0.261709411593679 0.108304068015495 -0.19865434810119 -0.00426266970068545 -0.97405775418032
1461161196.85207 -2.8359538851554 0.228404528276503 0.266028569262769 0.112808353599741 -0.175379155271191 -0.00524325304050954 -0.978002523285105
1461161196.97178 -2.85942874371805 0.23266961966511 0.265330248685398 0.111241566612488 -0.14622422505158 0.0011114073629673 -0.982976375422796
1461161197.13174 -2.88635994636291 0.233966049423831 0.258722010542035 0.101694288711486 -0.111365377037233 0.00249686185932903 -0.98855945199147
1461161197.29177 -2.91192631244569 0.238934534495881 0.245059368495328 0.0969911744772613 -0.0832988828799779 0.00409943319562123 -0.991784857129783
1461161197.43178 -2.93954734061822 0.239407110731082 0.229606973434906 0.0916183384628133 -0.0530890729039654 0.0118116775141174 -0.99430785708945
1461161197.59183 -2.96355156238815 0.23533552999619 0.208110608212147 0.0829249568344797 -0.0223750728751339 0.00783409387549984 -0.996273774933869
1461161197.73175 -2.98268285135854 0.226205892072543 0.190812695400387 0.0596402623677624 0.0156787372363643 0.00769131993744616 -0.998067162019169
1461161197.91175 -2.99492469382848 0.211291890955595 0.173407822596037 0.0314596280574131 0.0550466336184844 -0.00438784987559283 -0.997978409938427
1461161198.11169 -2.98971080497802 0.192560111469899 0.16429839162932 0.00315126140707616 0.0818546533874745 -0.0107065339006948 -0.996581785606276
1461161198.312 -2.97195163407551 0.189337109409174 0.166360391557746 0.00289863405983763 0.112916942916843 -0.0327443965743793 -0.993060504911902
1461161198.5117 -2.94597348309999 0.192195359728842 0.17841280334144 0.0140475289225875 0.125847102262646 -0.0429826982841184 -0.991018497017831
1461161198.71167 -2.92040474795136 0.204177362683731 0.197115119772999 0.0378812904514529 0.12793384616132 -0.0358086207361 -0.990411874687033
1461161198.89173 -2.90688426055419 0.219712336696373 0.224726790906788 0.0609236989473778 0.112433807924431 -0.0306175677975796 -0.99131705638728
1461161199.0916 -2.90151061968011 0.229860533250974 0.268658967552455 0.0704160546620306 0.0883336190585321 -0.0135344536415843 -0.993506703326394
1461161199.27162 -2.90755214200098 0.232831782721974 0.316289902348823 0.0730871668896349 0.0864340834032903 0.0155451943088794 -0.9934514392743
1461161199.43342 -2.91293259531476 0.230669426218476 0.360061737897335 0.0601793551921501 0.0809758164591473 -0.000374707505345971 -0.994897593700838
1461161199.55163 -2.91664407021196 0.229881951187515 0.39256306858095 0.0525748030273527 0.075361125354182 -0.0127809973746741 -0.995687318879825
1461161199.65186 -2.91923237774218 0.23189054437958 0.421921791659378 0.0520603297360729 0.0706989382191998 -0.0219068321658722 -0.995897320463764
1461161199.75174 -2.92480699254124 0.23524063246407 0.453352169769739 0.0500942915100119 0.0785060426524989 -0.0338045439110338 -0.995080205830727
1461161199.85164 -2.9299695054416 0.239434830363332 0.486773255350745 0.050078648925642 0.0865987813568747 -0.0421081868388253 -0.994092390369443
1461161199.93352 -2.93555030837458 0.243321010908997 0.513356924054144 0.0567383882628965 0.0952270935381591 -0.0405969870461034 -0.993007774690804
1461161200.01152 -2.94097138447529 0.246216152494536 0.538706188603489 0.062575216833934 0.100872182231688 -0.041057197310171 -0.992080365514325
1461161200.07163 -2.94574247066014 0.247855760595399 0.556172452338512 0.0701399999593415 0.111383023119449 -0.0457558288614802 -0.990242700903003
1461161200.15159 -2.94986811695891 0.246945572812864 0.579282753027939 0.0682922152438204 0.112387495078881 -0.044969948920106 -0.990294364308466
1461161200.23362 -2.95386955412077 0.243157049823057 0.60130183253856 0.0570446640735186 0.127633352716009 -0.0514487762720161 -0.988842078895979
1461161200.31164 -2.96005767438741 0.241359113418426 0.623999389460018 0.0504152096709298 0.130468482784187 -0.0517651128863384 -0.988815784017272
1461161200.3717 -2.963120082986 0.242357681388078 0.640787843036323 0.0523110237546619 0.140766478108252 -0.0404317907305416 -0.987832792396092
1461161200.43333 -2.96317747606482 0.243316927209419 0.657894377175721 0.0502897606783713 0.137960058215827 -0.0348400045356147 -0.988546476596804
1461161200.49238 -2.95685040886091 0.244088051175632 0.675276860602809 0.0480797075934257 0.138082396657457 -0.0263112070905898 -0.988903086167952
1461161200.57166 -2.9649600889196 0.249129840065521 0.698048022977307 0.0513933294407936 0.13765859372457 -0.0188447056422441 -0.988965982393743
1461161200.63336 -2.96678958464371 0.252379595462904 0.716654558637105 0.0541730672824156 0.139303198996598 -0.0090060178348697 -0.988725841258985
1461161200.69158 -2.96787676072011 0.254810442483878 0.735927751146122 0.0520757714037596 0.137502083617033 -0.0107173501784638 -0.98907352074496
1461161200.73341 -2.96903741863244 0.257327583590682 0.748221917617652 0.057060577347095 0.1403275877186 -0.00298277750510931 -0.988455037761582
1461161200.77164 -2.97010006317712 0.259381279367299 0.759560932885013 0.0643256296488759 0.145630989230912 0.00153021354419392 -0.98724439061076
1461161200.83329 -2.96508039859573 0.260382491102777 0.777253630499815 0.0664447964469 0.14597434711115 0.00653205205407006 -0.987032882586273
1461161200.93333 -2.9680556430297 0.263740692299892 0.803710860135965 0.0745928730661375 0.151061136115584 0.00861089813680208 -0.985668447743198
1461161201.05161 -2.96884896074106 0.263937288783673 0.833554021362725 0.0768384490906363 0.170098547109437 0.00308951792690666 -0.982421901166492
1461161201.19162 -2.9688713777125 0.263529839066493 0.868746446774684 0.076477021135124 0.184243575180665 -0.000968306878330801 -0.979900317698047
1461161201.35153 -2.9630950036379 0.265350760666769 0.912242946799573 0.0812042184322953 0.209452358021629 -0.000533484448852912 -0.974441019263004
1461161201.49163 -2.96199971832702 0.264072257297867 0.945745278818709 0.0922021700639933 0.238052741328176 -0.00878968319338218 -0.966825937618034
1461161201.59188 -2.96279070159227 0.26570214506224 0.967538572645758 0.107705636113576 0.256157997976466 0.00962789471773733 -0.960567477934457
1461161201.71153 -2.96129375765121 0.264565061177459 0.992689001708114 0.113939981940552 0.275726468492742 0.00864742222646761 -0.954420147092854
1461161201.83157 -2.96643535156163 0.264207341906552 1.01348867319039 0.117590556655799 0.299164101094381 0.0226292970612801 -0.946657919481099
1461161201.93155 -2.98097687449172 0.264404413102676 1.02923434238113 0.112151696620658 0.317672267069099 0.0234710935191328 -0.941252057341339
1461161202.03332 -2.98110765346155 0.265946225798033 1.04709440104466 0.110312859282412 0.334055494074472 0.0335799015933132 -0.935473350857512
1461161202.11181 -2.98783169288876 0.269980402850008 1.0609410942742 0.117265755883796 0.339544081491817 0.0498564846566915 -0.93191892896247
1461161202.19149 -2.99515856466442 0.270993027807828 1.07408645938804 0.111272016103597 0.347269686897748 0.0520584961545818 -0.929683933373222
1461161202.27149 -3.00215011125815 0.273446188246479 1.08798225596639 0.11442618854365 0.343719587491576 0.0549452246777487 -0.93045392945331
1461161202.3332 -3.00832078249542 0.274323362224503 1.09814825928674 0.115277325444725 0.341533742361113 0.0514173983973466 -0.931354976477375
1461161202.41151 -3.01628250636214 0.27494260308405 1.11056539592408 0.114628500197207 0.337665334002246 0.0490089308067741 -0.932974037075452
1461161202.51158 -3.02955188170384 0.276629245780152 1.12275611762851 0.120411594975919 0.34636272322911 0.0409528578786688 -0.929438957212489
1461161202.63322 -3.04153833603476 0.276232003624484 1.13442727064686 0.123590888172277 0.358127145560065 0.0392546063305047 -0.924623878047515
1461161202.77159 -3.05475734020239 0.275220939837052 1.14786275596646 0.122661905044814 0.369769154371421 0.0295101523195594 -0.92051832161902
1461161202.95146 -3.0745481569023 0.279130962302 1.16451837244999 0.127204789460693 0.389631295311814 0.0389140711719175 -0.911313387543893
1461161203.07137 -3.07962966071 0.28243893125509 1.17772022991892 0.127697860871804 0.412151406113442 0.0479523506732571 -0.900846849820982
1461161203.17152 -3.0892844194227 0.286594287662624 1.18895630187416 0.132575711876026 0.433324337549366 0.0473611559326922 -0.89017448852272
1461161203.27144 -3.10023005189717 0.290823790748218 1.20157011667684 0.13776418637085 0.455195165366363 0.0513606472327737 -0.878168818790839
1461161203.37137 -3.11182275552475 0.294809981590847 1.21405386862229 0.141327796536558 0.479975834648573 0.0588455516280672 -0.863821077036857
1461161203.4715 -3.12733235166242 0.298523434322229 1.22374162559795 0.147530234175357 0.507943976948916 0.0700510637599534 -0.845766276669614
1461161203.61149 -3.13522670640181 0.300350036033934 1.24044492486434 0.144656134112601 0.531424629906147 0.0862249204459559 -0.830197403444988
1461161203.77145 -3.15147613843982 0.297159128634842 1.26012067412664 0.134080360685565 0.554553424336617 0.0864532632081919 -0.816712182911223
1461161203.93313 -3.17031722669357 0.29350574870875 1.27938227584698 0.120424115911206 0.573422859134702 0.0892146664613561 -0.805434665393151
1461161204.1331 -3.19717558216368 0.291720494252079 1.30378374754782 0.100081841247039 0.600955389899933 0.0864310507640402 -0.788267668921316
1461161204.3514 -3.22752138549528 0.297029370904022 1.33328193725959 0.0942780557421261 0.627500082909197 0.0867614894190343 -0.768002433660354
1461161204.61135 -3.26572739103991 0.299847902152342 1.36152116099085 0.0950346769418792 0.659343051177302 0.0819881979569386 -0.74129149896551
1461161204.85137 -3.29490837382743 0.302538356953483 1.38118753256778 0.0951067022279667 0.693198945158537 0.0869814185858593 -0.709129163441474
1461161205.05136 -3.32002717036748 0.30999609420189 1.39502099043255 0.0873359142094769 0.732682474921064 0.0908345979357995 -0.668803337948145
1461161205.21135 -3.33628395050476 0.314926419142634 1.41033034479087 0.0877987660540044 0.767703595663854 0.0977348510416066 -0.627192526084342
1461161205.37134 -3.35078794743675 0.312334901760775 1.42406170164893 0.0823637970533571 0.800348812650445 0.100412667542742 -0.585299307381212
1461161205.5513 -3.36975918276935 0.307379310344866 1.4336731062681 0.0720071153717544 0.829753688233671 0.0968958853562504 -0.544917406218124
1461161205.77126 -3.40305840820214 0.310260556892407 1.4420892425404 0.0592220325942438 0.85555011181755 0.095546208893327 -0.505368854393004
1461161205.95149 -3.4355954760799 0.31346975683031 1.445369076708 0.0467574294144804 0.874622235365167 0.0921584894768444 -0.473662855855021
1461161206.17127 -3.48087924627156 0.316289410803232 1.44731034414876 0.0529684683893512 0.887355703943089 0.0951214685378872 -0.448046986664732
1461161206.39126 -3.52315655129094 0.314118038710475 1.4502071780331 0.0553432893411737 0.896770838904359 0.0864452536787967 -0.430425836738548
1461161206.57119 -3.55765259894857 0.31795663870513 1.44964371404158 0.0539133671551869 0.911934240261288 0.0863926343750982 -0.397499186171227
1461161206.73403 -3.5907569780538 0.322270280163199 1.45044535152039 0.0485292133609848 0.927073435439623 0.0856429708339626 -0.361725092161814
1461161206.8712 -3.62027014548747 0.325973151575474 1.45140036846155 0.0490390914949997 0.9415499748759 0.0919069671743053 -0.320362172706703
1461161207.01151 -3.64672238640678 0.328313885943977 1.45210483053467 0.0420888679743901 0.953419693579916 0.105751897202357 -0.279349156656532
1461161207.21111 -3.67705397391589 0.329185472485899 1.44522200446277 0.0311286200679338 0.964710549510413 0.11139581046175 -0.236549229733588
1461161207.37148 -3.6969585436432 0.335214858229596 1.43072862549978 0.0218892850565708 0.97471263850104 0.113154969425454 -0.191447341168214
1461161207.57142 -3.72331177908821 0.343607624886494 1.40917388349587 0.0114589725212333 0.982410466525289 0.116443286393826 -0.145531193440192
1461161207.73111 -3.73466493607069 0.348435937430427 1.38838975332337 0.00484840613439105 0.986583453394296 0.132784740672029 -0.0948567082034941
1461161207.8911 -3.73915472938672 0.345588623477769 1.36673966581343 0.000765740463509334 0.990196785420921 0.129143215151558 -0.0532143755383405
1461161208.01119 -3.73591250483235 0.342308725207944 1.34932071872748 0.00064302971731096 0.991871092221056 0.126479727983234 -0.0139356140259183
1461161208.13105 -3.73000595687327 0.339915215575507 1.32765121280226 0.00441158164751968 0.992137384747157 0.123715956702971 0.0183931995995017
1461161208.29151 -3.72724255977434 0.340258058750528 1.29764266842586 -0.000414885009592054 0.989454224332097 0.136706409296196 0.0478698598195016
1461161208.41148 -3.7240097278459 0.337509740352249 1.2724486113059 -0.00187553272038675 0.987062426089514 0.140433500769004 0.0773477940283968
1461161208.55185 -3.72075441754025 0.333277105865705 1.24321259423722 -0.00645257161893956 0.983326060146648 0.140379759184293 0.115419872497472
1461161208.69104 -3.71663751368254 0.330670178730103 1.21488113007001 -0.0138197117556991 0.978352584243605 0.142545097932126 0.149385847811532
1461161208.85109 -3.71166095789267 0.329886569288299 1.17324801505339 -0.01876878728259 0.975139573761287 0.139863871024443 0.170846837520199
1461161208.97101 -3.70345957498112 0.33189145673904 1.14151203760872 -0.0343786053011318 0.969164985331288 0.141578344046834 0.198728244601288
1461161209.09112 -3.69644865688663 0.331548022018903 1.10891318806538 -0.0474749594304051 0.966533701736872 0.132025308195637 0.214774415677818
1461161209.21103 -3.69296070908207 0.33309585708172 1.07982844311815 -0.0535761132960108 0.964894601982351 0.141477761186826 0.214690591873463
1461161209.33185 -3.68656546072759 0.335346401821658 1.05119169471426 -0.0571162304521175 0.9587808169659 0.152240706271886 0.233023279075244
1461161209.45114 -3.68351747935013 0.337745804509558 1.02620176753347 -0.060449894936291 0.952833953394857 0.158556101568247 0.251621203628786
1461161209.55109 -3.68261581699795 0.341794518923083 1.00758735366439 -0.0688525271799927 0.945471231313662 0.165068386633311 0.272205635491685
1461161209.65103 -3.68198004639675 0.345452032691585 0.987228271583714 -0.0783388678774985 0.935612817441497 0.169480744698381 0.299613008388051
1461161209.73108 -3.68115181114964 0.346491707330427 0.972509021198066 -0.0862129305071692 0.925891823000929 0.168066677372247 0.32717771114554
1461161209.83102 -3.67962115272699 0.3460631901639 0.957413603487797 -0.0910952509173575 0.911500144878816 0.165881037384629 0.365174783606974
1461161209.93119 -3.67987171605519 0.347048561934199 0.945046050019585 -0.102694278334167 0.896765922418351 0.174700973656547 0.393375565319002
1461161210.05183 -3.67965868955017 0.343711578207003 0.931547138682822 -0.110697655114821 0.883865070194005 0.173590231322439 0.41999404571071
1461161210.17191 -3.674954017356 0.339621323646994 0.917630710561709 -0.1164503314227 0.86954617779349 0.164231531612297 0.450950960771295
1461161210.29173 -3.66851555689047 0.337172165324231 0.903137617458142 -0.107949843595438 0.852986487906421 0.157901501782099 0.48562125000019
1461161210.39102 -3.66484084896469 0.339011219292568 0.889294559846191 -0.115418715726011 0.839502401956126 0.157632316266692 0.507017051033248
1461161210.49188 -3.66177103390372 0.339410691570325 0.874677052851282 -0.122959236423026 0.828444879502748 0.161297960313594 0.522056582951137
1461161210.591 -3.65764165300216 0.338063239022236 0.860040451466983 -0.130153916507799 0.822144532869162 0.167804809543064 0.528185451319178
1461161210.69087 -3.65112475734686 0.334913822535557 0.850751624220961 -0.12277853555482 0.808644995948675 0.179830961407697 0.546515806773569
1461161210.81087 -3.64262214842784 0.332063113206892 0.841531238492865 -0.12193352648709 0.793852416059436 0.188908678067479 0.565016874071754
1461161210.93317 -3.63668119249613 0.328694488845383 0.836578428302257 -0.125456967645401 0.77273552574435 0.191895948285675 0.591875241544504
1461161211.07118 -3.63080896930034 0.325694896263097 0.827838685458817 -0.13976831353843 0.746502277338716 0.190997634484333 0.621867407153746
1461161211.171 -3.62844824131338 0.322143485252974 0.823889900078962 -0.135770342374228 0.716207730524963 0.190811943868486 0.657422012823572
1461161211.27091 -3.63127740874982 0.321322560941322 0.81846464535124 -0.147289473868834 0.67821064300555 0.193925554673584 0.693346243839241
1461161211.35108 -3.63742218739329 0.320827080537524 0.813308074975207 -0.15772553226762 0.642279442633036 0.202911186798043 0.722098902030811
1461161211.43322 -3.64419607134399 0.318872119496439 0.803348009439145 -0.164117153264044 0.616447602762236 0.211528401939422 0.740482037747138
1461161211.53292 -3.64894310831956 0.314780629496644 0.786945892491731 -0.17045975033582 0.598736181551475 0.207574415626689 0.754566975419576
1461161211.63414 -3.6528039203958 0.312320265762519 0.770712285886081 -0.173695329693764 0.576390043763301 0.207281130555131 0.771128382831874
1461161211.73268 -3.65376530829452 0.312069339298758 0.755513174328761 -0.175877595557698 0.555264953715316 0.206212427125697 0.786272432084008
1461161211.83095 -3.65408683566362 0.31569800924024 0.740990888656435 -0.184700981692912 0.528914936114864 0.200380546050504 0.803730162729249
1461161211.93358 -3.65261575255257 0.321735682687919 0.726899701634064 -0.199090071194994 0.497334761260964 0.190309295342564 0.822680770955106
1461161212.03269 -3.64948328674199 0.327141786232524 0.711497465008626 -0.210215508554996 0.471129734778555 0.180882212347584 0.837333767518483
1461161212.1335 -3.64850299728511 0.32815355448523 0.696359383095429 -0.224483617624692 0.447058635385268 0.17127939150857 0.848769139395423
1461161212.23139 -3.64539064939741 0.325298897095666 0.681550306605231 -0.228695959502162 0.424393417802186 0.156757582598011 0.861983436808152
1461161212.33102 -3.64204161477834 0.314876065774553 0.668426342850871 -0.213930013591216 0.412537681218573 0.137704016859482 0.874690925184678
1461161212.45093 -3.64006512352632 0.301767971117455 0.654676473418949 -0.198411315542986 0.388013499485786 0.123148736678674 0.891578859515939
1461161212.57123 -3.63805465738006 0.287518274081402 0.643635646230986 -0.181102259940958 0.363812887741898 0.126534242244246 0.904892943776695
1461161212.69094 -3.63912510208194 0.274550124225458 0.634761093955958 -0.16583236904526 0.32621224138583 0.129081839446916 0.921641512558907
1461161212.85077 -3.6462943148178 0.266724872092279 0.624530107357164 -0.177404309486936 0.266435160247576 0.114297995422969 0.940465833830024
1461161213.01092 -3.65736400060513 0.271142393852304 0.623267821934141 -0.197553899382025 0.208023066590014 0.0951308843044649 0.953230809120694
1461161213.17086 -3.67135182210689 0.278825932741317 0.630950310394998 -0.214793414500098 0.153511674023054 0.0811799977423691 0.961097166259779
1461161213.31081 -3.68354803409561 0.28327543225149 0.643314853882414 -0.216256259856685 0.116407684720008 0.0623079993032702 0.967367662387858
1461161213.45089 -3.69776554441576 0.288151070111882 0.657359946009351 -0.216242098187648 0.0872430088305531 0.0497256989558084 0.971161864595677
1461161213.59079 -3.7097442811796 0.293814935115596 0.674585739790451 -0.219435487029374 0.0730984579398381 0.0348449367648375 0.972260516971071
1461161213.73249 -3.72088706608627 0.295407085791403 0.697258809247904 -0.21827621082799 0.0606589597247417 0.0341497948125265 0.97340113925655
1461161213.85161 -3.73046797969811 0.297434479968816 0.721868083298402 -0.218841559120885 0.0583216664359502 0.0321487186568884 0.973485189982053
1461161213.95269 -3.7399692708909 0.297083934475053 0.747269915536967 -0.212202315077449 0.0511426673879543 0.0426288060700801 0.974955070729547
1461161214.03263 -3.74973101268206 0.296361470452461 0.769793914076633 -0.209044203883019 0.0416338793422608 0.0433494811909527 0.976057356610924
1461161214.11076 -3.75904507603339 0.293329020308706 0.791955845503018 -0.202559312753181 0.031749649793257 0.0413441188988726 0.977881561533625
1461161214.25135 -3.77085729202489 0.293476805712625 0.826920543040277 -0.206384336657286 0.0242189589226562 0.0344760308956366 0.977563476662727
1461161214.41158 -3.78108244164214 0.295324172859661 0.865800502729313 -0.208194309214295 0.0247724113372797 0.0396402478005005 0.976969860334306
1461161214.59079 -3.79127034963434 0.298686759938714 0.906955341410686 -0.203770624271681 0.0401516468983797 0.0407576257832289 0.977345483376166
1461161214.77068 -3.80284629651161 0.307684077582379 0.94849713861449 -0.209481032623358 0.0748134986923533 0.0407723349033107 0.974093555101867
1461161214.9107 -3.81032027340484 0.306071792396042 0.982727814170596 -0.196265792588096 0.115021361614926 0.0456333249342859 0.972711377895549
1461161215.05076 -3.81879456708035 0.29849296590801 1.01886179533107 -0.166319449128448 0.149129237331456 0.0489874977927187 0.973498092691792
1461161215.19102 -3.82570885652482 0.29428644566817 1.05275134189642 -0.148709111254353 0.187019673285932 0.052366998871146 0.969622060115792
1461161215.37073 -3.83627660167508 0.289780988238448 1.09902226958733 -0.123685935826924 0.20841207229723 0.0469536882307423 0.969051881253487
1461161215.55088 -3.83954440553815 0.284218122804945 1.14736773137531 -0.0903106494820159 0.234702061768213 0.043702636161274 0.966875901232646
1461161215.77073 -3.83649117405364 0.272270222273623 1.21120163558102 -0.06104435091117 0.262268400124992 0.0442667591442724 0.962044348017582
1461161215.97067 -3.82555740570543 0.259303136956244 1.26763562207379 -0.0359579797544959 0.29976658872812 0.0447220109124022 0.952285124169349
1461161216.15141 -3.8123721123715 0.254535535658989 1.31081367849993 -0.00783573208529201 0.346033479509093 0.0238513968616882 0.937886210171183
1461161216.27076 -3.80572251271817 0.253335322089807 1.33824796083179 0.0128570704758815 0.387841803503282 0.00216879550677386 0.921633727421121
1461161216.39064 -3.79500709236195 0.256264717941946 1.36832099231521 0.0251080486253272 0.429773581809868 -0.0190767996231092 0.902385909679825
1461161216.51071 -3.78691539159601 0.253586906772809 1.39839290034484 0.0365592336540662 0.469338388309911 -0.0396879415313193 0.881368122290731
1461161216.63287 -3.77548828999378 0.249556588399187 1.42782005219569 0.0430786876243084 0.510485926378895 -0.044766307010141 0.857638807073422
1461161216.77069 -3.75616850693462 0.243195570391342 1.46305896914261 0.0546167987821131 0.544440942932953 -0.0488750196818446 0.835590986906974
1461161216.91057 -3.72787519605251 0.241921955389256 1.49386843607203 0.0654777247746254 0.576458954426829 -0.0514572465245616 0.812871387858852
1461161217.0507 -3.69320939482511 0.248433900292546 1.52401330142843 0.0618444227006219 0.596911886704388 -0.0438627818553472 0.798716171903227
1461161217.19062 -3.65612499141311 0.254490443181138 1.55519292606302 0.0300072108587781 0.604334605479026 -0.03983056251329 0.795168396131827
1461161217.27112 -3.63150498944321 0.25404552299043 1.56706235054257 0.0262215134767371 0.624618956781701 -0.0343366060623561 0.779733665134479
1461161217.41065 -3.58330559271183 0.257381612550694 1.58801053057952 0.0181933960387704 0.653189554642286 -0.0184706671367705 0.75675044796968
1461161217.5706 -3.51858794837832 0.265918628663384 1.61549678231893 -0.00125515760253464 0.666902789588029 -0.0223363332858435 0.744808822473554
1461161217.71063 -3.45983365592891 0.269549746615754 1.63115378330728 -0.0168198752205306 0.679921888782026 -0.0288108031901858 0.732525258658146
1461161217.85056 -3.39844485161704 0.269352431084868 1.64623441749616 -0.0301201409443502 0.702475101657789 -0.0326377500989281 0.710321255439291
1461161217.97065 -3.34199769500703 0.270764572837474 1.66320943956755 -0.0449815994432183 0.709678826913686 -0.0261119247651016 0.702602864872472
1461161218.11057 -3.27917477612855 0.270768348492236 1.67502340220536 -0.0392949950392874 0.712266490006687 -0.0234333212951625 0.70041646898934
1461161218.23276 -3.22059999008875 0.272600770110798 1.68372313602208 -0.034307128333573 0.712412623655127 -0.0285537488573412 0.700339887503571
1461161218.33226 -3.17152589229618 0.275683724936859 1.69403115691742 -0.037804861264493 0.694346040544185 -0.0321170221320212 0.717929568505683
1461161218.43248 -3.12362445427344 0.277262270319313 1.7033245607014 -0.0425138640721852 0.68356351887143 -0.0270111464462404 0.728151004254901
1461161218.53242 -3.07518379892453 0.277498926551331 1.71526860605223 -0.056831749886881 0.663911131812333 -0.0186870965333107 0.745414618640939
1461161218.65194 -3.01511073936814 0.275919443680344 1.72571545895408 -0.0585582153962609 0.65526925757074 -0.0143265381324792 0.752985979814654
1461161218.77052 -2.95245660310214 0.274964760656927 1.73798359259492 -0.0479291995006488 0.647604633220988 -0.0193682406510594 0.760220956117377
1461161218.87057 -2.89621232555027 0.277062600896459 1.74707583317817 -0.0528453704068149 0.642839321427958 -0.0395689808311663 0.763150882465973
1461161218.99152 -2.82920104453646 0.276216267131883 1.75147011880089 -0.0524297020626307 0.655611028398266 -0.0493934171541614 0.751655237543135
1461161219.09043 -2.77786623850346 0.272630317721318 1.76136013642488 -0.0644301813884287 0.638352696141556 -0.0491349218334588 0.765467403950998
1461161219.19137 -2.72236830803238 0.268566280280343 1.77066650418229 -0.0684217328210599 0.631626978857463 -0.037549147626426 0.771333836655495
1461161219.29055 -2.66769117407485 0.264415079236998 1.77787666586478 -0.0514879049880881 0.631758187363396 -0.037476885129037 0.772545190535983
1461161219.37056 -2.61954531931606 0.266475650094459 1.78656901770128 -0.0520883100579201 0.629323128782251 -0.036378742982255 0.774542312978484
1461161219.47056 -2.56195803807418 0.267221394078347 1.7948915426183 -0.0431865810420234 0.625754543114867 -0.0369360635113911 0.777947233558477
1461161219.55064 -2.5163169157706 0.266826137505913 1.80314380849154 -0.0394339238417091 0.622988551141053 -0.0354102617429183 0.780433433523267
1461161219.69061 -2.44324017470482 0.264711798149407 1.82057221772059 -0.0583508551210945 0.60937421604862 -0.0193938982812167 0.790494857182022
1461161219.83246 -2.36858871529905 0.256770698107283 1.83614561513258 -0.0444864231310599 0.607405715469232 -0.0116163377501615 0.793060095875205
1461161219.99055 -2.27874116684625 0.251848214822568 1.85511791347617 -0.0378803695548159 0.606594394898958 -0.0309769431021816 0.793504093672869
1461161220.13241 -2.20045258592433 0.252082891924333 1.86956089942138 -0.0426137553392381 0.613106363899343 -0.0386565562541964 0.787902484486869
1461161220.2505 -2.13535382904295 0.25261536882951 1.88341722163345 -0.0533395015397668 0.615489911055778 -0.035401027853567 0.785540472662581
1461161220.3508 -2.08337692082361 0.253045868583522 1.89622185088256 -0.0719673097753112 0.606369178806925 -0.0289003752811808 0.791392376527173
1461161220.45044 -2.03296521804452 0.25224568284436 1.90553735229957 -0.0684948700365636 0.601722700238966 -0.0257630034544408 0.795345530224951
1461161220.53278 -1.99223097536359 0.254528508179342 1.91209367596075 -0.0745377894070841 0.597862282765441 -0.024054409515018 0.797763244440157
1461161220.65083 -1.93204710124478 0.258305867293047 1.91899497920675 -0.0760597184815254 0.591822090512703 -0.0226735927514735 0.802151756588132
1461161220.83216 -1.84521302639191 0.256616259136397 1.93084240887691 -0.0706238853388694 0.589702635871853 -0.00307511331241822 0.8045207341912
1461161221.01122 -1.76043698752972 0.250702346095887 1.94763141721653 -0.0688576453599191 0.601296328404979 0.00672834063253091 0.796025175201458
1461161221.13381 -1.70089744573378 0.249680155162664 1.95707917757629 -0.0614604777469747 0.61202470360422 0.0061774344660171 0.788422609491064
1461161221.23292 -1.64978090895445 0.24900396873881 1.96423715905378 -0.0574114354579161 0.624529971437911 -0.000696219788869584 0.778887512502563
1461161221.31265 -1.6091406264883 0.246295120653783 1.96923401326127 -0.0707003056347189 0.636023235333463 -0.0147503249219285 0.76828272062686
1461161221.41036 -1.55863636481975 0.24036830668083 1.97683735938493 -0.0655386455111226 0.653658265115079 -0.0155518203468368 0.753786242428988
1461161221.55048 -1.48920297390339 0.223626583999634 1.98476669014658 -0.054612565111515 0.669445634187778 -0.0218347818010148 0.740529035826798
1461161221.65045 -1.43899297710859 0.2123186600254 1.99020237155466 -0.0403719086506241 0.682539239189601 -0.0328327673320962 0.728994036565254
1461161221.75044 -1.38694265565919 0.203947178369515 1.99613322658473 -0.0294341788992494 0.690027640217962 -0.0422635191428235 0.721948252852947
1461161221.85046 -1.33482395911724 0.19759535460473 2.00373666707901 -0.0165988765350269 0.691503812643539 -0.0522397847033855 0.720290191028149
1461161221.93228 -1.29325332058211 0.193254824182322 2.00756250483657 -0.00969753294470931 0.699558634476095 -0.0628538422582258 0.711739467289896
1461161222.01052 -1.25049284262556 0.191573755690926 2.01384871808594 -0.0201368493307203 0.695880961411204 -0.0626325629405293 0.715137299337652
1461161222.11048 -1.20181586817385 0.184612752177153 2.01521175820183 -0.018801744828311 0.70783522147101 -0.0642958331095735 0.703194026909532
1461161222.19054 -1.16285732667112 0.177501287961089 2.01411000250473 -0.0119478704010462 0.720164339980434 -0.0690854129942259 0.690251966693934
1461161222.29043 -1.115139050111 0.169942206043885 2.01452276194342 0.00243990240247669 0.722168934848813 -0.0813069740821234 0.686917209262664
1461161222.39058 -1.06649494329098 0.168256279391514 2.00875950275175 0.00221792377446922 0.738916417458708 -0.0948258813560241 0.66708744632857
1461161222.47046 -1.02689727650995 0.170926797911456 2.00418317078103 -0.0105944069075742 0.7497675213085 -0.102953808912195 0.65355714039681
1461161222.55039 -0.988522748860067 0.170972382983435 1.99965260989023 -0.0158976154790082 0.761946832438322 -0.112581085419485 0.637581202330386
1461161222.63226 -0.951080278767049 0.171408521064775 2.00183479824712 -0.0371547295968824 0.759686146600772 -0.110836569285097 0.639696599678756
1461161222.73221 -0.904032330610872 0.166622368784654 2.00072791899922 -0.0266335943899924 0.767027217218586 -0.107511608148302 0.631981925223457
1461161222.83204 -0.858852741145902 0.161546824994553 1.99698301781312 -0.025302489529897 0.781368693120598 -0.108112976284432 0.614112639337052
1461161222.93226 -0.814437396132987 0.157577320273661 1.99272486139093 -0.0193314864245486 0.790888356096009 -0.117926415569128 0.600179358471605
1461161223.03225 -0.769610078538741 0.159016169611162 1.98887553698186 -0.0159541873037009 0.794642658638645 -0.119696750074817 0.594946381618302
1461161223.13215 -0.726120858849515 0.160361795336121 1.98391154159685 -0.019704864343653 0.800587682577584 -0.127998316719937 0.585053426400628
1461161223.23213 -0.685092177426439 0.1615956384659 1.97802018846687 -0.0191226048547044 0.810119906952536 -0.123230545565326 0.572847532055832
1461161223.33213 -0.644857699877217 0.159027889303711 1.97399574064633 -0.0173846390022115 0.817796005504587 -0.11763575592184 0.563089066344039
1461161223.41039 -0.612212280771777 0.154623144194566 1.97434552376728 -0.0131846748232743 0.818556587578547 -0.115251117816544 0.562590843440955
1461161223.49029 -0.579366214202896 0.149194241493191 1.97638016892537 -0.0110194554942909 0.816751136421849 -0.122268131312968 0.563778907746168
1461161223.57039 -0.545987061945699 0.144912627307464 1.97772094030545 -0.00816268166184049 0.816372071810117 -0.133087560898898 0.561923226188887
1461161223.65044 -0.514810757787531 0.141636489625419 1.97671683120557 -0.00343869499338331 0.825906345808338 -0.139399663991371 0.546291695900051
1461161223.73228 -0.483977210631872 0.139008647758787 1.97604849882941 -0.000665819375679931 0.835229987158851 -0.146993887455951 0.52988982089277
1461161223.81044 -0.45408165143338 0.137739591567229 1.97438463016939 -0.00430938376816897 0.844624352199105 -0.148466999071265 0.514342962497353
1461161223.91041 -0.419350656995416 0.135518621266888 1.97043908296654 -0.01611291670274 0.857810389834934 -0.145491091365721 0.492680475906829
1461161224.03277 -0.381781140367873 0.130655546938073 1.96023567885998 -0.0110888871213784 0.874424202155479 -0.143845518301071 0.463214656646204
1461161224.15033 -0.350795697393903 0.129326867812663 1.94442113855527 -0.00608452655106481 0.891925945839749 -0.148688350237146 0.426992810452675
1461161224.27037 -0.321360395149051 0.132198726594071 1.92358157068813 -0.00789913724917249 0.90771029088193 -0.146757535548066 0.393016357442815
1461161224.41033 -0.288193112893594 0.133609610559976 1.90022386126119 -0.000467489009316871 0.919895774399959 -0.137840354902654 0.367139731240622
1461161224.53213 -0.266571878285157 0.135065014194204 1.88094290694448 -0.00316114815174607 0.936966021619732 -0.11770945515493 0.328982014158198
1461161224.63028 -0.252049562367793 0.132677551355276 1.86263628927694 0.00991937618916315 0.953308194272403 -0.107946436255531 0.281873481563695
1461161224.73217 -0.235632672644882 0.129675065191655 1.84407208506287 0.0200179024363149 0.9642009192103 -0.104361434049953 0.242949710967313
1461161224.83031 -0.217876919491433 0.130490202403293 1.82358428106914 0.0175089917252089 0.974652275904468 -0.0948600443127673 0.201861210429314
1461161224.91032 -0.203766369963388 0.133868437188926 1.80704607948194 0.00947069661666695 0.983234981862841 -0.0798234138607978 0.16366886981458
1461161224.99026 -0.191370039573378 0.135486015789318 1.79186384142581 0.00491647271742674 0.989790295784891 -0.0694607752231599 0.124363175303118
1461161225.09026 -0.17750135419592 0.134407020128941 1.7744358828305 0.0133386047377315 0.99406826076309 -0.0689830358320823 0.0830163558251365
1461161225.19029 -0.16647557142248 0.137751131739574 1.75691985095 0.0124623104888892 0.997674231258777 -0.0501785889722641 0.0444176576176571
1461161225.31025 -0.158575746206822 0.141417180568913 1.73397558702552 0.00695670719724702 0.999561748393825 -0.0287154667454476 -0.00182683946833499
1461161225.43207 -0.155317018477547 0.139761638081464 1.71196172065882 0.00622401840605282 0.998387725383007 -0.0338714813838879 -0.0451213269783579
1461161225.551 -0.15254521743849 0.142359202973341 1.68962931402921 0.0104233942475395 0.996549580160062 -0.0295569679906518 -0.0768548812917209
1461161225.6909 -0.148292813328385 0.142582388983058 1.66456885017867 0.0159524070470588 0.994269238608725 -0.0317281758486991 -0.100834144629411
1461161225.8319 -0.143273168750417 0.144613479733576 1.64173515061718 0.0227618940543803 0.992656012496341 -0.018790509670232 -0.117315189895653
1461161225.95015 -0.142655759977431 0.148415546400838 1.62186167616377 0.0257913926665183 0.989626527335074 0.000359268259275529 -0.141329442740573
1461161226.09018 -0.142156562107442 0.150475922937455 1.59779805230583 0.0270263302544556 0.98572051293564 0.0130176509120302 -0.1656960730241
1461161226.21018 -0.143359594555374 0.155019146574491 1.57648791736679 0.0283577935576425 0.980959953944155 0.0297116848094362 -0.189817333476708
1461161226.31027 -0.14676977967019 0.158743725624238 1.55971749125426 0.0295069679560847 0.975256761915325 0.0437840981881226 -0.214677758341023
1461161226.41021 -0.151208120617003 0.161832890547046 1.54341011359916 0.0312010023712069 0.968564124688248 0.0530207656292576 -0.241036993488568
1461161226.53201 -0.156489902207371 0.16553178278809 1.52447043719731 0.0346423267872009 0.961340882129264 0.0665676372888752 -0.264938421538807
1461161226.63196 -0.162335547974531 0.169099767675618 1.51033657635372 0.0397101061757973 0.955323373717267 0.0758978488076189 -0.282877845798043
1461161226.71021 -0.167921971600379 0.175197266640747 1.49962156251958 0.0426898117471469 0.949892022352225 0.0944274297360228 -0.294900299013143
1461161226.81034 -0.174905975240494 0.182088843848006 1.48674911593263 0.0456004839562464 0.944600184621298 0.109897125075574 -0.305898200348563
1461161226.93259 -0.184734448969079 0.192108707860636 1.47054148594473 0.0509063335275898 0.93632329715007 0.13172995529862 -0.321487864930891
1461161227.05008 -0.196902385094486 0.197554834575066 1.45534083381324 0.0692897357146927 0.925777358163095 0.138815278879816 -0.34476881237529
1461161227.19021 -0.210438464115502 0.201818051238018 1.43612502228329 0.0849814165261708 0.913852740040073 0.15266702584466 -0.366529818140628
1461161227.35019 -0.225301121979387 0.203277838216964 1.4177489749322 0.110575773813116 0.902423931788954 0.151195551872016 -0.387999936435965
1461161227.4902 -0.240051460823695 0.207676008365793 1.40594414075474 0.132290451571686 0.888491944985061 0.154674306661148 -0.411287197683705
1461161227.69022 -0.253530602991348 0.216154615825877 1.38815987531899 0.158346388716083 0.874876262383132 0.170930405565868 -0.424618349994657
1461161227.89018 -0.26805570480666 0.225998009221166 1.36979915757793 0.171201448646631 0.858412587317526 0.188854476282719 -0.445142539760138
1461161228.09031 -0.284223782543661 0.238862010308728 1.34303155747537 0.174599940429627 0.850757392376752 0.208067736706172 -0.44992725752087
1461161228.2104 -0.294909887416849 0.244983705055111 1.31976667497606 0.171751464242857 0.853464620155255 0.215911309029845 -0.44213333204668
1461161228.33022 -0.307403191089737 0.248566874485797 1.29537844631616 0.167757507235157 0.851213483219715 0.222107292424273 -0.444928505945803
1461161228.47011 -0.321112182280848 0.248244951215494 1.26607279706671 0.165465284913875 0.852560437904324 0.225028097668428 -0.441728756669164
1461161228.57008 -0.329452775080673 0.239919783365247 1.23897369910222 0.16361306840139 0.864107263420748 0.206793151008965 -0.428702687007641
1461161228.65004 -0.336462446606633 0.228806189778282 1.21616222906452 0.148940552814789 0.876412760144063 0.190486990818099 -0.416451788221585
1461161228.73243 -0.344858221801223 0.218524594572637 1.19132555667766 0.140069997245331 0.887655495644301 0.17323242425083 -0.403036777617556
1461161228.81038 -0.352814429761851 0.209366913567052 1.16432811377108 0.132611577035984 0.902688098609065 0.155797100143125 -0.378544092349324
1461161228.91023 -0.368145143985537 0.201736568339963 1.13090762048324 0.120343740341306 0.911944244755985 0.13232870361089 -0.369275226379678
1461161229.01002 -0.384238779453949 0.198585238946409 1.09349368042168 0.111816597011542 0.924638577910807 0.121236928034222 -0.343281453260535
1461161229.1101 -0.400523311833898 0.192867594810301 1.05466152017518 0.105421663963384 0.934783950000436 0.110251880559277 -0.320795514965402
1461161229.19188 -0.409159008685004 0.184469044456773 1.02120872049594 0.099185800577894 0.947496845833955 0.0992994483628981 -0.28731780949543
1461161229.29006 -0.416886029122705 0.171949572619341 0.983452477461594 0.0918691817179991 0.95880070462169 0.0877817656176019 -0.254077987815697
1461161229.37056 -0.420645802426013 0.157702237060641 0.952778370554273 0.0851066642300555 0.969155940094239 0.073247452173289 -0.219381927773929
1461161229.47014 -0.426114819983424 0.141055606675262 0.914868399704966 0.0847942013107087 0.977623493655915 0.0613304930783574 -0.182485119105226
1461161229.59012 -0.435941648425216 0.131889781809409 0.866620655714939 0.0846833040505417 0.983036876282857 0.060828573659872 -0.150887781180693
1461161229.71 -0.443637744175019 0.132578486509937 0.815180042699013 0.0778359303434361 0.988655217544297 0.0694834039514945 -0.108048532360803
1461161229.83223 -0.451995957063941 0.133034283385734 0.761075627142864 0.0561770774244305 0.992712764771205 0.0741373121181522 -0.0766104534920421
1461161229.97003 -0.465227682578646 0.125377340389667 0.701968546197636 0.0464748293303412 0.995585449897652 0.055796071748201 -0.0594684838235775
1461161230.13018 -0.478697004157986 0.117434900204009 0.638244463318287 0.0511690059192433 0.99645797441229 0.0574801984170789 -0.0339008090364564
1461161230.26995 -0.489514171175795 0.111674365203681 0.58261628294524 0.0627668000064926 0.995852766958846 0.0657471498711041 -0.00386104146342847
1461161230.39002 -0.499005527287866 0.107469298276494 0.534384214366058 0.0687815304351794 0.995226584600425 0.0632826336574601 0.0280794346977252
1461161230.51019 -0.508943137010454 0.0981142749873747 0.488659793017931 0.060720792459174 0.994195251651017 0.0545988746718238 0.0700553341457463
1461161230.60992 -0.520976595459485 0.0788304228823627 0.456289926807179 0.0704582958048551 0.992162287562722 0.0317098098026192 0.0982044380507562
1461161230.71053 -0.532036264295569 0.0535685624597997 0.431191600272658 0.0743678847303295 0.987147133525451 0.0167621609818385 0.140459903361922
1461161230.85051 -0.556340370370113 0.0170492756619735 0.39258223026825 0.0795773557985007 0.984303339242971 -0.00387843566962748 0.157478057315969
1461161230.96994 -0.582788775645704 -0.0138378777495539 0.361153719605755 0.0841384406566377 0.979637994860957 -0.0277029921583411 0.180173988283961
1461161231.09075 -0.618160216103754 -0.038205261145515 0.329939653871862 0.0936663076681695 0.973924355947273 -0.0540393150513944 0.199443536193273
1461161231.18984 -0.654946320998284 -0.0595536835386378 0.30414161692771 0.10152635483286 0.970903901370536 -0.0799838499392461 0.201595132199964
1461161231.30988 -0.707795125311461 -0.0764261744979244 0.273720901162172 0.0996972682189994 0.969942122282121 -0.107318978889821 0.194307413400956
1461161231.4099 -0.750433143832068 -0.096792247659244 0.250629324096289 0.112180195193825 0.966542354440265 -0.123464110852342 0.194854033088323
1461161231.51041 -0.797480078798245 -0.112546893235381 0.228496164457976 0.110497019675438 0.968640695397751 -0.12347553244095 0.185146981478586
1461161231.60992 -0.849664843231607 -0.129476265246761 0.209239139713132 0.123994441648678 0.966908475235298 -0.134333405824224 0.177954811786722
1461161231.69012 -0.89600528689738 -0.144998395634385 0.196093473611517 0.12949616557156 0.965027971987877 -0.149093518088928 0.172403246045703
1461161231.76984 -0.945672843578049 -0.154223581935303 0.188641780076327 0.125706048891693 0.964026180254347 -0.16663219862479 0.164575889600272
1461161231.85068 -1.00054379557413 -0.163482188335466 0.182570135743059 0.124868491385401 0.964290730348337 -0.177148315019938 0.152216036306958
1461161231.91019 -1.04462443284216 -0.171489658808485 0.179081992928882 0.13817602691974 0.963073219862121 -0.185911239861181 0.137238368040288
1461161231.96979 -1.08815917859754 -0.180758364859537 0.174825072724282 0.138954149335266 0.963133607229504 -0.196824843390521 0.119688679631339
1461161232.05002 -1.1389488841995 -0.194712193307883 0.168540344570394 0.134115525676955 0.962316575976346 -0.202812988579058 0.121765040291485
1461161232.12997 -1.18856851353676 -0.207820118781241 0.162234210786195 0.132707587964713 0.963121323206213 -0.203350554730231 0.115907569955583
1461161232.18996 -1.22577907244673 -0.216580479285423 0.158498607740083 0.135408891264037 0.962928743638298 -0.207606975038466 0.106451917583438
1461161232.26999 -1.27284682324995 -0.221881253591859 0.15351818039458 0.125734926969382 0.963469631469744 -0.213615196512166 0.101417676933698
1461161232.3302 -1.30872729849852 -0.221056971406022 0.149130723709115 0.123377880229976 0.963996639898612 -0.215779153325291 0.0944866864926708
1461161232.38993 -1.34459995758742 -0.217090030695796 0.145193911222974 0.118392555357635 0.96427043165427 -0.220940369276186 0.0857385018371589
1461161232.44987 -1.38081591995895 -0.21000053401307 0.141182445109253 0.115466096277385 0.965072717241823 -0.223693723809317 0.072548941923832
1461161232.53012 -1.42860140506227 -0.197755670360757 0.136435129277705 0.117164403368905 0.964864782368939 -0.227920204612018 0.0579727061380187
1461161232.58988 -1.46442167108621 -0.184534339093406 0.130666536360593 0.133716348098868 0.967330098348008 -0.211576851338405 0.0403442072528596
1461161232.66987 -1.50400961831036 -0.172350095319018 0.127460788869177 0.133135261930117 0.967853429825372 -0.210708128988439 0.0337168323579587
1461161232.74996 -1.54004161015436 -0.158024398298982 0.126079084177491 0.122440575893972 0.971130704422418 -0.203546605650102 0.021959955170554
1461161232.84986 -1.57926512835231 -0.135277842952404 0.126719017088332 0.12272193767046 0.974526614624928 -0.186741807754509 0.019097136923184
1461161232.94982 -1.61479730608048 -0.110937575402852 0.133095790174603 0.107756442904553 0.977211857534491 -0.182867584908342 0.00223179218081066
1461161233.07033 -1.64361453947178 -0.0746581269824904 0.147365195150286 0.0932185844783417 0.981380698750857 -0.167503508670244 0.0120330465922902
1461161233.18985 -1.65597569254561 -0.0319085226730149 0.168211119052358 0.077575792987326 0.987272140683531 -0.138068820614845 0.014584832757722
1461161233.26984 -1.66343651215552 -0.00251517432282589 0.183818470058297 0.0608772713852004 0.991481142287978 -0.110149675102724 0.0335581791935181
1461161233.36989 -1.65881808647832 0.0321049210672159 0.210573958864425 0.0485346743745903 0.993290262038564 -0.0849312242147362 0.0616889607312293
1461161233.46979 -1.65057170897047 0.064614457073305 0.242402842115367 0.0351172690618939 0.994462839916624 -0.0612141014356154 0.0778670098567259
1461161233.56978 -1.63879418854322 0.0946148425240379 0.278001742522663 0.0245381060343341 0.994861158769294 -0.0415212997942971 0.089023242964168
1461161233.68982 -1.61533267020918 0.124634636945253 0.328048251672019 0.0139005368492361 0.993697275485213 -0.0249305509293858 0.108401879130049
1461161233.76974 -1.58999699872167 0.140177025515421 0.367824010787849 -0.0130583617358374 0.990390916286196 -0.0131760053961281 0.137046360799424
1461161233.87003 -1.55382002684692 0.149551915053795 0.421646556324883 -0.0176157592581366 0.985936177579204 -0.00689629658040121 0.166048125131673
1461161233.94982 -1.51751352109968 0.152148382796797 0.466855777692819 -0.00415687436632206 0.979302394655635 -0.00382526844097402 0.202323769089536
1461161234.03314 -1.47800933509268 0.151126870891939 0.512064424582362 0.00612738469643456 0.970085401869086 -0.00673093120689562 0.242593204361465
1461161234.11074 -1.4347902393996 0.149498652225581 0.553822410378493 0.00959734083661101 0.95998225796815 -0.00695406770071944 0.279809929019061
1461161234.16986 -1.39786898288352 0.147730565598104 0.584665997817154 0.0186406703944598 0.943012843681488 -0.00294729781586768 0.332220733089588
1461161234.24977 -1.35144795657346 0.146480455165864 0.620196500434021 0.00611471218420898 0.92992325392955 -0.0031297052474642 0.367689484539668
1461161234.30997 -1.31509887857882 0.14521277150448 0.647538266689171 0.00310320048906969 0.912533765646221 -0.00204301614536761 0.408984501891309
1461161234.40983 -1.25262983402138 0.142843797016001 0.683814221059391 -0.00731002937285285 0.895718903101839 -0.00995488305525781 0.44444922139651
1461161234.50969 -1.19343986605182 0.135508606807982 0.716145654839324 0.0116312702122003 0.880746586736088 -0.00759028767002962 0.473384147431099
1461161234.60973 -1.13539537650256 0.122987176157704 0.743122554272154 0.0325030404230688 0.867970788286512 -0.0110504641089284 0.495427240154925
1461161234.73154 -1.06727292053657 0.103397156591321 0.766843108381515 0.0584553766172535 0.851578210497734 -0.0285158720404514 0.520177244207957
1461161234.86977 -0.98813756091486 0.0948517846798811 0.782086480013912 0.0448521638550161 0.840178030312901 -0.018933978516333 0.540120972777951
1461161235.00986 -0.903590278804985 0.099880453994991 0.782537949212875 0.0347473258430889 0.838188539196655 0.00230176589586219 0.544267671261019
1461161235.16966 -0.81376948570742 0.0976442121708001 0.769566486183693 0.040410659198598 0.84778738978277 -0.0103639350999114 0.528692830666067
1461161235.26986 -0.76396247139218 0.092889087376055 0.753684443392504 0.0365234155776066 0.865429766937088 -0.0232621743584232 0.499155516705847
1461161235.42965 -0.68472626688412 0.0874090682965968 0.727372185595852 0.0247916090885455 0.878581335664795 -0.0133678862208808 0.476761483719324
1461161235.56964 -0.615018479247611 0.0909885465493248 0.697009583191167 0.00844000196190728 0.888464012520701 -0.00349879609093324 0.458855340220002
1461161235.66966 -0.565522610298324 0.0942627202085081 0.668965047702584 0.0243543857466071 0.901018477969486 0.000158727151899057 0.433096456990989
1461161235.76963 -0.514303153357077 0.0945814085960547 0.639311813311217 0.036884030290482 0.91202469087959 -0.00394813902641129 0.408454334943024
1461161235.86968 -0.464888916998272 0.0898726689747035 0.6116809125099 0.0379174861268555 0.921364021102583 -0.0135228491856699 0.386610575920266
1461161235.98963 -0.407302366917113 0.0818900197324909 0.582368948315891 0.0351061862431178 0.923905425630014 0.000969324747835871 0.381005748760329
1461161236.1097 -0.349638221956144 0.0720189001686611 0.550817704245023 0.0336950691600142 0.927339426550867 -0.00321849573913513 0.372687364373665
1461161236.2096 -0.3020003516936 0.0692909041593552 0.518545195865673 0.0396889473401783 0.932225086937497 -0.00988409682662286 0.359560119275383
1461161236.30962 -0.253450594238528 0.0703517747702774 0.482640029429254 0.0361123575609559 0.938541647603503 -0.0175656098070837 0.342821998560764
1461161236.40966 -0.20978977175031 0.0679215796048308 0.445393482913113 0.0171949941407733 0.947022482930331 -0.0363528359842009 0.318639640215834
1461161236.50966 -0.170076707617457 0.0649237585296431 0.4071049584964 0.007587624979156 0.955335906748609 -0.0336877763920408 0.29349764385042
1461161236.63165 -0.123868455171282 0.0608881664214968 0.363801786722406 0.0124258201446512 0.958830019278494 -0.0138986596538594 0.283367994635883
1461161236.7497 -0.0801788455552359 0.0585738425386032 0.319436149214055 0.00700214994908066 0.960550463317828 -0.00907380345290801 0.277869471887243
1461161236.85013 -0.0488792844588494 0.061664810297804 0.277696273323846 0.00568853696382226 0.967407139333816 -0.00568587726840738 0.253098277577825
1461161236.96964 -0.00869962516752482 0.0636730928136433 0.231274612924832 0.00640306983406477 0.967892118474971 -0.0107889455871888 0.251052676432356
1461161237.10974 0.0301465431305686 0.0594035990294774 0.18596097716963 0.00416635904252751 0.970304548691124 -0.00305863709407785 0.241831282055836
1461161237.20989 0.0601264935232214 0.04712704430173 0.160578380465899 0.0194061537630024 0.966252306387084 -0.0237724524674084 0.255763078065331
1461161237.33156 0.0959598575389424 0.0460862044753819 0.128110736950155 0.0203273290166906 0.967725739606899 -0.00927041067121042 0.251013450004807
1461161237.44986 0.129932002685211 0.0485033706375501 0.0928034013956976 0.0169377384103657 0.971857272715312 -0.0212706634686602 0.233995968690702
1461161237.54974 0.161770369871337 0.0536439830533876 0.0663626242895057 -0.00925538684311849 0.969250505751856 -0.030097069075861 0.244053193683669
1461161237.66991 0.191423897183405 0.0626026058599293 0.0351277051851033 -0.0208760791146507 0.972592456633317 -0.00653028005891968 0.231485330125087
1461161237.78972 0.217298913298184 0.0648350226768407 0.00811694625581055 -0.0206934082901476 0.972290452080569 0.01472630482815 0.23239233118244
1461161237.88971 0.239182443561199 0.0620661855381082 -0.0125084349367343 -0.0277126446693249 0.967041415621129 0.00920266334542213 0.252939164200139
1461161238.00978 0.260508729827159 0.060148128628086 -0.0353988408766963 -0.0310348841675681 0.964148798695225 0.000879766915571043 0.263539666747596
1461161238.18956 0.29954664831749 0.0523547548755381 -0.0562155661505688 -0.0348664196963772 0.945162819342907 -0.0264635084845831 0.32365299384991
1461161238.26965 0.317324695561366 0.0475655787501819 -0.0569692552410602 -0.0191758255736436 0.931722499411681 -0.0373543913949791 0.360735528118773
1461161238.33383 0.332578488109315 0.0452983337150709 -0.0530939822435975 -0.0221366535029511 0.914500251217647 -0.0369102484258755 0.402289563195083
1461161238.38957 0.346867862325604 0.0418395574512453 -0.0478891644077992 -0.0143469171887601 0.895214942651108 -0.0391995856179034 0.443675292199979
1461161238.44983 0.359633982862936 0.038888182845117 -0.0430959857968102 -0.00785862021048116 0.875310260378459 -0.0370933045357974 0.482072895860363
1461161238.62957 0.386392461332396 0.037932002840612 -0.0395978386137676 -0.0111333928612572 0.82061927274398 -0.030874977643399 0.570532025849607
1461161238.70958 0.39436796407018 0.0421222383589705 -0.0411945572408502 -0.0108440155503941 0.792937219327122 -0.0261882754705031 0.608643695244103
1461161238.84988 0.403408962487139 0.0525070974780669 -0.0498404712612304 -0.0373478276008627 0.763458023970215 -0.0479558600910808 0.642990840441693
1461161238.96956 0.408797128574655 0.0646520937087633 -0.0541414207255248 -0.0448086063844953 0.723736132887057 -0.0385226619231774 0.687542146537883
1461161239.07002 0.411363234821785 0.0761534989095991 -0.0574613212250695 -0.0488942938846939 0.685704367688441 -0.0161245921740889 0.726057067788567
1461161239.16958 0.413458388374946 0.0870496544770751 -0.0646498581105813 -0.0592210145390005 0.664724636117298 0.0139834779499744 0.744606266371779
1461161239.29073 0.414604073084805 0.0942750619198732 -0.0701238344760882 -0.065895802514857 0.632081915746535 0.0155036782075139 0.771939007279171
1461161239.48951 0.412044029964944 0.107958088064104 -0.0770207889248614 -0.0698717989641691 0.56320877308932 0.0236627368397119 0.823015118032463
1461161239.58995 0.410176577272375 0.115662032424933 -0.0815297924759481 -0.0674137231950392 0.534206512068154 0.0176430838358676 0.842477010951468
