1461244097.01995 1.6184123933956e-05 9.67244717490561e-06 7.88245638525988e-06 1.32049152427227e-05 7.31055564664908e-07 -1.90207533362366e-05 0.999999999731653
1461244097.299 -0.0286608588031841 -0.0716791524562985 -0.0326295800238003 0.0197892947632429 0.0269749767343102 -0.0533090311056036 0.998017475621313
1461244097.45783 -0.0779780911668051 -0.119484952236844 -0.0439759421154482 0.0137850652199182 0.0242163316564316 -0.0884581987747341 0.995690056356655
1461244097.57785 -0.123217361022394 -0.160238613362613 -0.0518244144124646 0.0145107627669901 0.0114969303590513 -0.108091350880618 0.993968570036821
1461244097.69777 -0.169523318694276 -0.202204174336222 -0.0580969418877513 0.0229357303877879 -0.00662438745220603 -0.131646419145881 0.991009228054174
1461244097.85778 -0.228760705784072 -0.251836901254815 -0.0623522602853814 0.0286569849988311 -0.034288512135475 -0.154818697253357 0.986931733265825
1461244098.01782 -0.28314484785831 -0.292009736471515 -0.0692737544137863 0.0344922992663885 -0.0580470918453643 -0.14895847831096 0.986535446985509
1461244098.13783 -0.333087184632279 -0.309752688452546 -0.0811089001892669 0.0301639975431685 -0.0921564698992585 -0.166213174985206 0.981310602596986
1461244098.25792 -0.385017795400493 -0.331771442183527 -0.102246544272252 0.0392238726013388 -0.11786519679291 -0.196176406621688 0.972668546159546
1461244098.37775 -0.438142227437851 -0.354226618898225 -0.13510384829079 0.0487978246084653 -0.141733374454473 -0.222725926867277 0.96328790316309
1461244098.53775 -0.510434413065636 -0.384663698346927 -0.19070398928003 0.0533594963630686 -0.166193332860364 -0.219715107248236 0.959821760488654
1461244098.65777 -0.574441804681851 -0.411435720767521 -0.235359097790916 0.0663226012742533 -0.188097969468479 -0.202529587189434 0.958750349546184
1461244098.81987 -0.655291260897185 -0.43791374833253 -0.291322919269539 0.0578467811678602 -0.213529231794428 -0.185247999064322 0.957466550810243
1461244098.97778 -0.729679739153089 -0.469417217194488 -0.346339901935083 0.0708465702879108 -0.233183659877133 -0.17118275958375 0.954621708880559
1461244099.13774 -0.813022061130259 -0.502001502870107 -0.391080824543249 0.0831835682996074 -0.245684721653354 -0.149888729873606 0.954071737432745
1461244099.25772 -0.872219073274475 -0.531049634698508 -0.424928040371947 0.0955721666688934 -0.223870323023264 -0.140265559605456 0.959725800536925
1461244099.37768 -0.945161090963262 -0.561254330519519 -0.462310943333169 0.107111063096168 -0.207711448493747 -0.132572049827795 0.963227816215611
1461244099.49773 -1.03391006531915 -0.595596661515785 -0.504983170603582 0.118015858715417 -0.223239120551975 -0.132812923314501 0.958434807145223
1461244099.61954 -1.11795702605999 -0.641143524156413 -0.551078635143602 0.132838204777013 -0.243107636575244 -0.102069262488547 0.955423756270203
1461244099.73764 -1.18859746753931 -0.68656243972834 -0.597835681420352 0.154806777173448 -0.243373248269183 -0.081537186212196 0.954020969912441
1461244099.89777 -1.27410799897237 -0.730805626395989 -0.670577763111997 0.177166994912459 -0.256240631358299 -0.0772688222345664 0.947091402064907
1461244100.01978 -1.33853621871758 -0.759128498555869 -0.735851611667825 0.204913487775923 -0.274301682511449 -0.0631041716460904 0.93743635144993
1461244100.18057 -1.41415690994863 -0.790498741772945 -0.824231287969236 0.231675233544402 -0.276254957090211 -0.039402153769154 0.931910540300723
1461244100.37763 -1.47910854183426 -0.824495104075821 -0.919187350314391 0.219864987354951 -0.27043377636041 0.0097726106577543 0.93724567538068
1461244100.57805 -1.52734582861359 -0.877650627958725 -1.00839725358324 0.232302576674471 -0.242120002828687 0.0201939181308187 0.941809759331025
1461244100.73765 -1.59416708211293 -0.924239475555799 -1.09455059832264 0.266000402623829 -0.22408465492473 0.0156592175155618 0.937435140229993
1461244100.89757 -1.69268977196063 -0.967105281758564 -1.18540186316813 0.272793797272665 -0.213892772413624 0.0149849275756456 0.937874660082213
1461244101.05746 -1.77501122965822 -1.02978968558183 -1.2907726641655 0.287405906378249 -0.210209871713634 0.0285197730382261 0.934021561506415
1461244101.21782 -1.84063336541611 -1.09657771029346 -1.40238122919062 0.305334764591955 -0.207125783265754 0.0582778163697615 0.927616993999838
1461244101.33761 -1.8906194937575 -1.13378887825292 -1.49428760671044 0.333430120552242 -0.210685082939423 0.0670738527582492 0.916480904771884
1461244101.45755 -1.94941510935588 -1.15716931513087 -1.59081754304777 0.35748932604129 -0.209365435985659 0.0425363401547184 0.909152438124279
1461244101.57747 -2.00747945891739 -1.1681551129703 -1.68868749009055 0.371255525188563 -0.223015097494572 0.0365221017000144 0.900610757982529
1461244101.69761 -2.07698877017824 -1.17202682240726 -1.78770573397015 0.369641804897629 -0.252634319633242 0.0339191717171755 0.893526903011595
1461244101.82009 -2.14446846628322 -1.17656855982902 -1.88700516197398 0.369874969564538 -0.27972892391857 0.0258891237952103 0.885592451007859
1461244101.9376 -2.21143876730276 -1.17036336013688 -1.98199135451473 0.370268880134874 -0.307895132405242 0.028572459533134 0.875948148237698
1461244102.06069 -2.2833684891458 -1.15364997134006 -2.07072572378591 0.375707888594611 -0.33384624740886 0.0269744613031869 0.864096432104776
1461244102.17753 -2.35964152808334 -1.12455005786875 -2.15013032650819 0.366860269221389 -0.351393681203235 0.0182259267809891 0.861164234783484
1461244102.29751 -2.43392948193055 -1.09380303926531 -2.22657049855035 0.351644213231634 -0.367006875456747 0.0164773075658686 0.861034725782626
1461244102.45756 -2.5277317893341 -1.05824716075216 -2.32336139039199 0.332635857329565 -0.380432224769906 0.025062386697254 0.862552366844055
1461244102.57756 -2.59443680757544 -1.02138193039945 -2.38625947898824 0.302656871177784 -0.403404867625826 0.0213489119730115 0.863254050127906
1461244102.69747 -2.64872276589912 -0.980704170664335 -2.44525021998426 0.285621591215228 -0.425163183546006 0.00104074067410749 0.858868727366153
1461244102.85753 -2.69529448873776 -0.922821777431073 -2.51288321367028 0.279072715585783 -0.450142264395704 -0.0125360820039929 0.84813513538131
1461244103.05756 -2.71926127404437 -0.837100596676319 -2.56764626111973 0.248595988689381 -0.477324110970537 -0.0103701970341357 0.842765795762505
1461244103.21743 -2.71673231292978 -0.757657637725784 -2.5727388311321 0.194106416761546 -0.481336007504318 -0.00650802325525295 0.854749081593602
1461244103.3774 -2.69839659417144 -0.678883818487712 -2.55841963567989 0.143061564149079 -0.474963353495135 -0.00975018819329992 0.868244283327031
1461244103.5374 -2.66346442999828 -0.614571469158286 -2.51846416904628 0.111427354167748 -0.446868849405162 -0.015688793734878 0.887494246700015
1461244103.65739 -2.61820848365733 -0.577259784989582 -2.47047687279037 0.0843491602994856 -0.420720848627981 -0.00480703525633049 0.903247518180132
1461244103.78016 -2.56234449706771 -0.546044542142358 -2.40336904613604 0.070894118193066 -0.389104068450548 0.00698906018278647 0.91843519148529
1461244103.89744 -2.49956812844238 -0.512819863617213 -2.31766719660813 0.0556534367245421 -0.354989520665279 0.0215312353791743 0.932963847692733
1461244104.01742 -2.42909188290001 -0.485568934712941 -2.22312970936716 0.0411395680634812 -0.330057332696002 0.0366881673494031 0.942350079030979
1461244104.13759 -2.34803333897358 -0.465794847113634 -2.12315412029675 0.0383998787721302 -0.301539871716099 0.0359236728482164 0.952002439495204
1461244104.22028 -2.28940951609668 -0.455436447944012 -2.05799076341085 0.0332461838698493 -0.280779265322824 0.0326549381315937 0.958640365537822
1461244104.2974 -2.23189187260385 -0.449453718129082 -1.99138270868172 0.0290261787100077 -0.260133562583431 0.0300878689822263 0.964667160582994
1461244104.3774 -2.17181750827984 -0.445639800277269 -1.92510942882087 0.00590646421464212 -0.231268726870863 0.0319388631791331 0.972347570918361
1461244104.45746 -2.11436359140124 -0.455883726864986 -1.86188058165224 0.00491922225841504 -0.203218862492082 0.0316119396515657 0.978610535632671
1461244104.57741 -2.04487040060126 -0.475026214573454 -1.76310921626121 0.00499558894523454 -0.181589394969571 0.0379513866678517 0.982629140609855
1461244104.69744 -1.97612032649918 -0.505798516360394 -1.66303016447689 0.0194743928823837 -0.147858571676353 0.0188518198756448 0.988637041431823
1461244104.81957 -1.91059115408859 -0.546420803364214 -1.56318784854541 0.0400174392168263 -0.117332299732805 0.0135440359694164 0.992193678213885
1461244104.9773 -1.84324031300213 -0.60884588580374 -1.44063923073255 0.0597957045050133 -0.098676416768925 0.0174163534876789 0.993168721380001
1461244105.13739 -1.81152390634854 -0.676304862873585 -1.33475827763834 0.0742335454650216 -0.0932207338731954 -0.0114201490352767 0.992808569513704
1461244105.2973 -1.81813131076552 -0.747374625655436 -1.23311323635732 0.103104992100645 -0.098310212021698 -0.00669581061426677 0.989777565383451
1461244105.45734 -1.86249830609646 -0.814971875870569 -1.12564553801607 0.126910449702766 -0.106317674128485 0.00849145897919701 0.986163366308319
1461244105.61737 -1.92159866648092 -0.887737482064208 -1.03021000894352 0.143338299085605 -0.112497723375964 0.037178124798288 0.982555943082608
1461244105.77723 -1.99075653301365 -0.955522738825267 -0.954152727824002 0.157329299251301 -0.134855773834761 0.0270171848778143 0.977922023262489
1461244105.89737 -2.05965113895576 -1.00182028017367 -0.902196198357631 0.161523189690924 -0.169922608713813 0.00190696899208728 0.972128041828455
1461244106.05727 -2.15762906832438 -1.05809683107205 -0.816855778777489 0.161607205881557 -0.19973060901432 -0.00193791568731549 0.96643004884612
1461244106.21975 -2.25081424872074 -1.1292499343263 -0.715855877399966 0.167211223247848 -0.219225729559218 0.0148361330210132 0.961124536923374
1461244106.38006 -2.32751762144483 -1.22231582259542 -0.619798343980721 0.179424523255177 -0.226805878266381 0.0158965720177687 0.957138042832146
1461244106.5373 -2.3991078094494 -1.31341481774906 -0.527161461705134 0.175113034445627 -0.234792741379892 0.0185522920379123 0.955962136395945
1461244106.65731 -2.46087362492506 -1.37494060847268 -0.45052768834073 0.170882007137646 -0.248224393586826 0.0297493092734472 0.953047201697175
1461244106.77726 -2.52371684864491 -1.43392199281908 -0.368711571979697 0.172664449022306 -0.254425357115145 0.0198021022823933 0.951347782068079
1461244106.89717 -2.58401548738316 -1.49254598810068 -0.287868797813724 0.184466533834634 -0.256135574089968 0.0142311392703289 0.94876980361714
1461244107.01938 -2.63092063920608 -1.54929145005556 -0.211854325180617 0.188964388904125 -0.251957809448589 0.00646756964160406 0.949087926657425
1461244107.13731 -2.66560887495419 -1.60259442015793 -0.140332526681395 0.183608299686018 -0.252154523867496 0.0143754962286079 0.949999701835609
1461244107.25728 -2.70306221480741 -1.6495828260168 -0.0718971510153382 0.182768887729446 -0.253720562241521 0.00857304472040335 0.949814672911621
1461244107.37729 -2.74482393286561 -1.68593708965581 -0.00357414588056898 0.183188849755863 -0.258654951098733 0.00886144614110667 0.948399144015601
1461244107.45727 -2.77507076948983 -1.70622016582832 0.0432122133208122 0.180723267919443 -0.261807998360721 0.00781625451237275 0.948016127812322
1461244107.53725 -2.80430955327211 -1.72800242736575 0.0844618638145146 0.184697729749663 -0.267917152022884 0.00399266693954048 0.94556396234627
1461244107.61975 -2.82866368181173 -1.75258743850828 0.126247533990477 0.188284584970486 -0.266678826324047 0.00366231031816732 0.945207863983396
1461244107.69745 -2.85453403945145 -1.77541555184867 0.160113746515921 0.185639597734155 -0.271969935673867 -0.00544827003212714 0.944214281927736
1461244107.82355 -2.88802817736721 -1.81071277557271 0.203762147999233 0.187902967487113 -0.266858205157897 -0.00408165296078529 0.945231460150661
1461244107.8972 -2.91632723434088 -1.83184689675234 0.227784372254188 0.185989554132618 -0.278670406994583 0.00278248711043735 0.942201118543437
1461244108.01975 -2.96444751996609 -1.85944031328426 0.265267673366393 0.181819542418097 -0.294953425488221 -0.00340820613308482 0.938047181605804
1461244108.09821 -2.99802332298186 -1.87609751755848 0.29444204144263 0.177019622376032 -0.305177003384356 -0.00115122188356039 0.935697453553961
1461244108.17713 -3.02997050133851 -1.89514785602805 0.326900208652614 0.176115507158494 -0.305711958583824 0.00250560834186651 0.935690786768784
1461244108.25725 -3.06145323818166 -1.91489785665267 0.359964930232732 0.174031112625745 -0.302996584037179 -0.000199093550439887 0.936966489401731
1461244108.33723 -3.08326780863414 -1.9336017097798 0.393369948098969 0.172978732233258 -0.288500694069558 -0.00145960024566888 0.941723726622347
1461244108.41933 -3.10815151183995 -1.95050485933987 0.417687589761981 0.16761805775995 -0.270171088164431 -0.00755368817870424 0.948079485922846
1461244108.53771 -3.14619962152061 -1.97258265854738 0.453632807428891 0.15502395936599 -0.266312201727288 -0.010629776284106 0.951279344404054
1461244108.65701 -3.18268529306973 -1.99451376892764 0.480170148450368 0.153134700756136 -0.257845988668287 -0.00249707416520999 0.953970111781609
1461244108.77706 -3.21195493335742 -2.01134637319915 0.506818221726578 0.149122616000287 -0.249735005877081 -0.00611378307795644 0.956743170288286
1461244108.89711 -3.23691434221403 -2.02611462060052 0.527944429989971 0.143936625158798 -0.254457888642362 -0.0132339343713955 0.956220839464724
1461244109.0598 -3.26919689128371 -2.04363205438974 0.552308841143792 0.139997715016478 -0.256887544362053 -0.0185757772332262 0.956067136681301
1461244109.17857 -3.29069085480846 -2.06084030809822 0.569955210129835 0.143847596761396 -0.257948546034252 -0.0189804968160657 0.955201631722539
1461244109.33713 -3.32697634901108 -2.08479236432665 0.601228268664405 0.153302057839948 -0.261140462705152 -0.018066600064592 0.952878657417765
1461244109.45709 -3.36192565421285 -2.09839058229169 0.633141706226845 0.15808083961585 -0.26284186455811 -0.0196274319433033 0.951598321928573
1461244109.61812 -3.40386047570762 -2.12265053079449 0.688708400578081 0.163921666743785 -0.254199633071813 -0.020524374159615 0.95293807972158
1461244109.77707 -3.43385534864967 -2.15665511775017 0.739247157437442 0.172128108582509 -0.250718241453124 -0.0193356762233723 0.952438139336853
1461244110.05699 -3.48512896075741 -2.20317368134847 0.804911307828841 0.159310678020477 -0.244932693529244 -0.0212698723927251 0.956125345358841
1461244110.3771 -3.56242050226749 -2.26383786062584 0.858082676344569 0.184289137517557 -0.260256412212939 -0.0580650259380717 0.946008756015448
1461244110.657 -3.63681159851171 -2.32090289272206 0.92632306143952 0.198839278020591 -0.255613967443782 -0.0639303630669516 0.943947747410855
1461244110.85705 -3.67097681323117 -2.36812305263292 0.989296322124896 0.198203446503069 -0.233324688058819 -0.0559988767189561 0.95033631391354
1461244111.01942 -3.68925113255469 -2.40533889848836 1.04102662242355 0.19611090762279 -0.203474323269487 -0.0391300887697271 0.958440163930051
1461244111.25703 -3.73479587558044 -2.45986117205395 1.11913074429768 0.185601270335985 -0.17835052668184 -0.029487240177427 0.965853902383118
1461244111.41933 -3.7743576032101 -2.48402696772733 1.19855378292324 0.172370289567959 -0.158615322203634 -0.0172843510046913 0.97202413244057
1461244111.537 -3.80208822205419 -2.51762023682587 1.25410676056318 0.158747713656327 -0.137135676072665 -0.000519830256209646 0.977748791629776
1461244111.65689 -3.82545225829793 -2.54324529790974 1.31430691514804 0.12648525007586 -0.124873178166747 0.0071208889508906 0.984051555472747
1461244111.77709 -3.83830648051566 -2.57673681035909 1.36868032335612 0.117201523903309 -0.107187086691817 0.0320643387650821 0.986785999809899
1461244111.89682 -3.85074736413623 -2.61086308992218 1.43107838609766 0.120995221106551 -0.0893039364398473 0.0400805290135664 0.987815020436376
1461244112.01894 -3.86349334389834 -2.63323000949561 1.50380672781824 0.104621621725211 -0.0676166928383484 0.0467828104168472 0.991107293771312
1461244112.1769 -3.86872541998517 -2.66366301578617 1.60822104285669 0.0879121347201609 -0.0290417106485588 0.0575865753394754 0.994038139083315
1461244112.29693 -3.86376919721457 -2.69116097772165 1.6859849111032 0.0795613046876888 0.00281022222419998 0.0754855601807787 0.993963797958274
1461244112.45972 -3.8451994708996 -2.72682678431445 1.79253626601892 0.06436523752219 0.0390703686793924 0.0807169096752021 0.993889029511069
1461244112.5775 -3.82660358081186 -2.74817908015591 1.87615854279092 0.0533934998045924 0.0546949719631829 0.0806086458040893 0.993810766918026
1461244112.69675 -3.79826501397133 -2.76245325159212 1.96614477739861 0.0456808017352959 0.0813712402442874 0.0790315564788422 0.992494835600901
1461244112.81966 -3.76476612060166 -2.77741140129517 2.06286483606398 0.0447368790465682 0.0983735086529986 0.074481206926444 0.991349491482823
1461244112.89752 -3.74118847445245 -2.78996196301492 2.12593153995515 0.0398728506994925 0.10536074421819 0.0696890381929652 0.991187523786808
1461244113.01689 -3.70842113700272 -2.81640267443472 2.21198290526864 0.0397543418922816 0.103245397099293 0.0637816288161029 0.99181242385044
1461244113.13685 -3.67450777828723 -2.83998363362859 2.29913551143868 0.0391146911081954 0.100255942016273 0.0627889130216879 0.992207810607987
1461244113.21685 -3.65586151382871 -2.85146522543022 2.35677430542865 0.0395482884265814 0.0932873128457203 0.0581955086426699 0.99314988441744
1461244113.29685 -3.63813547296071 -2.85805541176854 2.41795755699587 0.0413268590576323 0.0868088558809779 0.0561827603805397 0.993780564660574
1461244113.37683 -3.61704024877511 -2.86019775513071 2.4846322719303 0.0402585724802536 0.0908296890318604 0.0503650317859863 0.993776925927255
1461244113.45678 -3.59275609315755 -2.86282397481459 2.55354346477217 0.0406553838412704 0.0982771830603418 0.0440417472336277 0.99335243471542
1461244113.53685 -3.56589000105408 -2.86788579655993 2.6212983659703 0.0420187088555689 0.107383925184899 0.0424397753812473 0.992422282188174
1461244113.61862 -3.53745207606534 -2.87499604807281 2.6874236276766 0.0350215778317968 0.1124201269448 0.0454045695689025 0.992004853418646
1461244113.81688 -3.45881817518431 -2.90832493400226 2.84871072784065 0.0305561835302838 0.120385493903997 0.040181350760847 0.991442944176108
1461244113.97882 -3.4009225934609 -2.91467266156217 2.98352518608236 0.029374033226685 0.121274076464685 0.0453402432242158 0.991147833016853
1461244114.09684 -3.35075816935945 -2.91500850785195 3.08755761841413 0.0347501007542278 0.127387202819029 0.043177185744599 0.990303318022661
1461244114.21904 -3.29782854554817 -2.92096008756419 3.18835714401752 0.0379159341566633 0.122736780587023 0.0475276689676352 0.990575179030175
1461244114.29677 -3.26304290032957 -2.92926621701787 3.24930679659854 0.0316977280595364 0.1138483947326 0.0510209377866776 0.991680725314374
1461244114.37971 -3.22922954205698 -2.94285545809679 3.30937365266985 0.040025142708708 0.107153034166191 0.0481735291213668 0.992267870240753
1461244114.4568 -3.19770051894136 -2.95096295200223 3.36952127701344 0.0418692591721707 0.0993682763703302 0.051784343840755 0.99281986912055
1461244114.53682 -3.16687598352316 -2.95284087793253 3.43472141098631 0.0449829118082229 0.0964494155466221 0.05514788201754 0.992790390261181
1461244114.61914 -3.13827981004271 -2.95298446670155 3.50413735422555 0.0471023684401359 0.0921262847026129 0.0458429186542701 0.993575634445351
1461244114.69682 -3.10960198857477 -2.95332040669738 3.57609340089222 0.0537636699990104 0.0907412671791461 0.0383199508546957 0.993683587257762
1461244114.81893 -3.0588777618768 -2.95767899577965 3.68439171395077 0.0588562531073739 0.0951628619095225 0.0340540588208005 0.99313659295244
1461244114.89685 -3.02272867259223 -2.96351186977382 3.75123957561233 0.0528819435839713 0.0960136309213544 0.0314151852723139 0.99347771432196
1461244115.01861 -2.97109925710326 -2.9753286353089 3.84624533375858 0.0496361504761269 0.0866100408208196 0.0336397987536469 0.994436180624348
1461244115.13678 -2.92112640730308 -2.98432063647119 3.93663359501422 0.0527754072182082 0.0863291569626842 0.0317117196793999 0.994362308158369
1461244115.25895 -2.87176942472954 -2.98316846097475 4.0316587762499 0.0581229049652724 0.084052798504746 0.0359906908423765 0.994113436763937
1461244115.3368 -2.83757729780641 -2.98118349180983 4.09618626252537 0.0603579973618955 0.0820622870593492 0.0356097879058271 0.994160266859601
1461244115.45673 -2.78413525165746 -2.98397112410541 4.19185876801005 0.0621947671622026 0.0682544148172774 0.0363806243390272 0.995062609069546
1461244115.53675 -2.74697862275727 -2.9902271562517 4.25210371604761 0.0612804917679272 0.0586976529665046 0.0384861549484239 0.995649588330247
1461244115.61858 -2.71134436412335 -2.99994249623614 4.30933610347122 0.063397554827308 0.0515182373668962 0.0359034064784546 0.996010826579596
1461244115.69675 -2.67951489842082 -3.00910855525143 4.3655647382287 0.0689322456883903 0.0437161947720866 0.0369038568281045 0.995979590739798
1461244115.77827 -2.64727378266084 -3.0133432070135 4.42606959613702 0.0735458280403515 0.0365007858934607 0.037628300323382 0.995913055854673
1461244115.85785 -2.61903173074345 -3.01304292048297 4.48803527331353 0.0760887249449665 0.0332217691037074 0.0337588322875234 0.995975482246653
1461244115.93684 -2.59235718945494 -3.01030602980162 4.55329641956122 0.0789885994187819 0.0300463296222635 0.0351122941413163 0.995803768841142
1461244116.01918 -2.56851748660442 -3.01093830906471 4.61668922070978 0.0785506636891826 0.0220956174928352 0.0258401171206893 0.99633019891439
1461244116.09675 -2.54368365942669 -3.01851266215237 4.67721395603297 0.0828808125160555 0.0182598619453494 0.0201170662039079 0.996189064387761
1461244116.17764 -2.51793409664754 -3.03018635169681 4.73352538824251 0.0888196393276494 0.0127271632376669 0.0213839366204643 0.995736821775835
1461244116.29678 -2.47899499019988 -3.04842944997008 4.81197623306308 0.0972425894571685 -0.00105465574862089 0.0229932437517775 0.994994511160081
1461244116.37671 -2.45474053087753 -3.0559091672473 4.86137155332302 0.0997853340209335 -0.0116546421334819 0.0201300410582612 0.994737069721474
1461244116.45673 -2.43369332843478 -3.0595532039144 4.91180607176641 0.103546469082833 -0.0294137189617518 0.0152325744349579 0.994072900019612
1461244116.53668 -2.41111672532586 -3.06251051064436 4.96548313774432 0.114891389769709 -0.0443219082598477 0.00826606101424123 0.992354376843424
1461244116.61673 -2.38666057465119 -3.06338484967209 5.01892542033641 0.124125787151791 -0.0611491908900515 0.00549984023857589 0.990365244328975
1461244116.69676 -2.35961605660948 -3.06345584949071 5.07104134184298 0.130033571604575 -0.0793971889880223 0.00631763402792336 0.98830533952663
1461244116.77721 -2.33315579185175 -3.06589759876264 5.11836880861232 0.133990210210162 -0.105720220889336 -0.000116829779019332 0.985327278021749
1461244116.85675 -2.30406665970313 -3.06954166939033 5.16163981555261 0.137430476214474 -0.121964110339363 -0.0036987568594105 0.982966906459361
1461244116.9773 -2.26709504716413 -3.07515652442204 5.22173294423857 0.1373755424871 -0.147125052022068 -0.00769485055041498 0.979501387783032
1461244117.09682 -2.24201971269145 -3.08179940500404 5.27963258278709 0.154191144362095 -0.173813534766159 -0.0103918587921389 0.972576966313332
1461244117.21684 -2.22909022541282 -3.08262151055842 5.34713900007196 0.168500059917768 -0.206123850790407 -0.0299621354945214 0.963443282388564
1461244117.33682 -2.21968023645374 -3.08103508721153 5.41417904008021 0.177107221310856 -0.230017422760303 -0.0461470197014513 0.955821881920962
1461244117.45663 -2.21081358336814 -3.09131127185641 5.48218547245193 0.185923216717481 -0.26131553560734 -0.0697177203151359 0.944609013195266
1461244117.57661 -2.19373595805982 -3.1128553150663 5.54318486134368 0.198142808221143 -0.282618903813617 -0.0752188000603378 0.935525582159522
1461244117.69665 -2.18419313132495 -3.1327320989729 5.59748638145396 0.205504126639145 -0.311129678481324 -0.0807064688539117 0.924366184467781
1461244117.81833 -2.18168617802316 -3.1499042067712 5.64758655991147 0.218516500799262 -0.3423075626838 -0.0876920286011485 0.909607706392013
1461244117.93655 -2.17885348535835 -3.16338704980962 5.70019228099665 0.227901746270368 -0.372823071757973 -0.100349681740076 0.893864471039392
1461244118.05652 -2.17776137053644 -3.18158083905546 5.7547148190859 0.242622206088227 -0.398702828095803 -0.115308005835977 0.876854938841893
1461244118.17645 -2.17708529596393 -3.20327504756413 5.79947367250055 0.259272849359523 -0.435932569252833 -0.117124229339264 0.853828026918361
1461244118.29664 -2.18205447989464 -3.21897049840104 5.83846127113702 0.257952036339234 -0.465493104824745 -0.13623603636875 0.835593596614762
1461244118.41842 -2.19498071197562 -3.23451862475745 5.87021702783286 0.253312670077988 -0.498983270597014 -0.160535305139169 0.813066296587272
1461244118.53646 -2.21655785609565 -3.24874272272058 5.90053597749859 0.248312931636554 -0.529243112043848 -0.178641970969542 0.791409794319176
1461244118.65788 -2.2478879466498 -3.26191644407557 5.92928884284782 0.240879133072907 -0.553887596855296 -0.181621666677236 0.776015040764864
1461244118.77645 -2.28156043873058 -3.27365019253239 5.96002975974727 0.235555064383115 -0.570039468984211 -0.195392584889104 0.762489706956113
1461244118.89652 -2.31800941602263 -3.28799485322089 5.98304918233112 0.233085737572451 -0.578690642548447 -0.208664216001792 0.753158299514471
1461244119.05778 -2.36136663364803 -3.30994163733583 6.00170411244548 0.23511125519541 -0.592859989105532 -0.205471207329056 0.742308099078117
1461244119.21883 -2.40379951854319 -3.32395830488969 6.0127005133771 0.227502942798942 -0.613608575324133 -0.213832026604687 0.725260499203315
1461244119.37657 -2.45206043411489 -3.33974381364195 6.02164363284242 0.22921024234084 -0.62110779655193 -0.228507292129825 0.713773204394753
1461244119.49653 -2.49596722649154 -3.35345215408068 6.0294909406291 0.226085595957464 -0.632086168013996 -0.232799282331174 0.703673840392004
1461244119.61861 -2.54277388709514 -3.37271737989625 6.04226877395402 0.223429933081445 -0.634367486074626 -0.237365744307065 0.700938271921382
1461244119.69654 -2.57387169524099 -3.38887210925132 6.04767522633633 0.222562898694788 -0.637996178224471 -0.238280189122617 0.697602454243986
1461244119.77643 -2.60171572732635 -3.41250064743555 6.06919278963753 0.217598541320665 -0.630644322745699 -0.228925891913607 0.708894596548243
1461244119.85877 -2.62756431845376 -3.43408867251112 6.0872607390826 0.212602780011409 -0.620461067403922 -0.217627361530977 0.722818409616462
1461244119.93748 -2.65215403635276 -3.45357714570713 6.10512296555136 0.206797623319259 -0.606336591206845 -0.203854324585685 0.74029324966589
1461244120.01866 -2.67827270456333 -3.46752304757125 6.11594222398591 0.202508884118951 -0.603808870687115 -0.201770924034599 0.744105835044097
1461244120.13647 -2.71833438187453 -3.48324598928696 6.12541640486249 0.19086660114375 -0.600940677249057 -0.2079165762272 0.747804078836988
1461244120.29648 -2.78395854329133 -3.50149656642693 6.13635782893942 0.179724650227936 -0.609351848993868 -0.219151068514037 0.740514809708325
1461244120.41868 -2.84116609419877 -3.5170018942263 6.14399492053197 0.17569536214064 -0.608210697295999 -0.237966667144078 0.736602167214653
1461244120.53641 -2.89700168013709 -3.54345249125901 6.14331364209087 0.183457478091502 -0.603230212818973 -0.245488576009784 0.736336895125711
1461244120.6565 -2.95025287067384 -3.57351320788419 6.13796823070417 0.19099326567238 -0.597431207027688 -0.256973692697835 0.735229247648975
1461244120.77649 -3.00722004703496 -3.60282826488631 6.12227560533885 0.207845483790824 -0.60758524344028 -0.258614029250012 0.721636480990566
1461244120.93642 -3.08545024725357 -3.62994103497624 6.1052773950004 0.217651716472631 -0.61664073081085 -0.281968649549752 0.702051009608752
1461244121.0964 -3.17274054266608 -3.65930536824776 6.0872383468274 0.234353580032739 -0.635069259686481 -0.294807711510041 0.674428534510007
1461244121.22051 -3.23795678372606 -3.68932760905177 6.06772658226638 0.250470488881483 -0.657247861038012 -0.288266491855566 0.649763197660281
1461244121.33645 -3.29595268586398 -3.72230424916576 6.04208606583773 0.265802455013087 -0.680804750141683 -0.284997722722807 0.620185653765347
1461244121.45639 -3.34503312500132 -3.74969273097222 6.00740816684112 0.277435041987952 -0.699870021471182 -0.29057056942139 0.590576408866117
1461244121.57643 -3.39355626001732 -3.77371847896951 5.96045194400514 0.30207611586983 -0.715204764372127 -0.293836509306401 0.557577143576597
1461244121.69645 -3.44733813526214 -3.7834581187392 5.90547856443936 0.324600178530246 -0.729082165257384 -0.307098187786974 0.518425137758282
1461244121.81892 -3.50695509369344 -3.79026064995167 5.84469139717303 0.34707142079346 -0.738652524438452 -0.315637060172895 0.484052810398332
1461244121.93813 -3.56915782257635 -3.80207785157808 5.77868759328531 0.36242895515234 -0.748381400354346 -0.305791601452423 0.463747807058981
1461244122.0564 -3.62478421224861 -3.81879476548316 5.70515552245294 0.363778518170718 -0.767745825519108 -0.29353486937757 0.438256565923424
1461244122.17635 -3.68260676313816 -3.84357389754685 5.63713808869019 0.364680510410093 -0.770972647346513 -0.276901304272248 0.442645422503013
1461244122.29632 -3.74204642361877 -3.87237023930311 5.58191124065392 0.364801130427867 -0.768226505976987 -0.250892482801081 0.462386345848198
1461244122.4183 -3.80642035477322 -3.88587326332608 5.51898589942499 0.356363656732151 -0.777439722869892 -0.240552693024122 0.45904991378206
1461244122.53629 -3.88185544005786 -3.9001765512757 5.45390529662216 0.359067866673294 -0.772613783620536 -0.241423063011516 0.464599949557023
1461244122.65625 -3.96006424723399 -3.92690063427686 5.38725732588092 0.356763878592851 -0.771111154084001 -0.232883564954403 0.473151527687224
1461244122.73637 -4.01238609495143 -3.95211678954337 5.34464558777381 0.348864542104722 -0.768758665472861 -0.226004105658474 0.486030646922559
1461244122.81815 -4.06223160677264 -3.98106525840269 5.30121950034003 0.353505842495771 -0.759122114142882 -0.218574976751342 0.500991232137596
1461244122.89623 -4.11016555966317 -4.01332570444543 5.25816904951573 0.371857879591734 -0.745274455774133 -0.21137222947282 0.511477744935006
1461244122.97626 -4.15877256288424 -4.04005018829208 5.21200714901937 0.382239016456467 -0.739237629574514 -0.205752637997368 0.514865917765558
1461244123.0563 -4.21090006869181 -4.06498851533737 5.16377183047466 0.394563008370649 -0.732492797379755 -0.192880752686629 0.520164732998426
1461244123.13677 -4.27038735289082 -4.0863456019701 5.11676781524621 0.392169239872534 -0.728011927122185 -0.177107807887699 0.533699115280188
1461244123.21928 -4.33472081642777 -4.10881046723116 5.0732982102856 0.374159062778426 -0.720811425396345 -0.159255059264446 0.561314271026078
1461244123.29637 -4.39739252902694 -4.13743547579916 5.03227411495465 0.356166354453404 -0.709411058153653 -0.131695536194948 0.59374890675353
1461244123.41979 -4.49231339479498 -4.1855274390682 4.98024075501936 0.32120442842736 -0.700185189634487 -0.105868979213582 0.628776728748325
1461244123.49624 -4.55473449876669 -4.2195465231613 4.95588843314608 0.305310015025932 -0.685940507828509 -0.0941017722378698 0.653770809157555
1461244123.5765 -4.6175727398085 -4.24855726181704 4.93619059831982 0.287315440056758 -0.677036835055386 -0.0852325262866441 0.672165439714044
1461244123.65619 -4.67861773019858 -4.27436268054795 4.91857537932555 0.283039881744935 -0.667857929397853 -0.0805977666794349 0.683636022667408
1461244123.73633 -4.73879274719598 -4.29715884775156 4.90600694288601 0.278586994885908 -0.661688417713692 -0.0774501932784455 0.691779727735008
1461244123.81821 -4.79568003697421 -4.32108371645125 4.90024951442879 0.280602182523458 -0.648140555890876 -0.076341957852031 0.703809733126686
1461244123.89671 -4.85125306989512 -4.34731522256088 4.90089008007914 0.274802841097871 -0.63638265823291 -0.0644231031495491 0.717878941469615
1461244124.01806 -4.93355333633183 -4.39031819820446 4.90575246779226 0.264942367708087 -0.620360307906447 -0.0616354689562947 0.73563557495134
1461244124.09697 -4.98767174091789 -4.42368017168154 4.9100498643712 0.252472975459046 -0.61000758404191 -0.0530116126108489 0.749224874789009
1461244124.22271 -5.06371373449644 -4.4772279249382 4.91138999124251 0.246205219274115 -0.605245064855869 -0.0343672452281865 0.756227673339997
1461244124.33685 -5.14423693797507 -4.52918492486121 4.91599319544294 0.243497916023851 -0.599260028789275 -0.0307408268355275 0.762004714127798
1461244124.41904 -5.20005922929471 -4.56368268087487 4.92707889426644 0.236387469022893 -0.590023759437378 -0.0246404601703985 0.771612451630302
1461244124.49696 -5.25885611887262 -4.60061790262156 4.93968777394569 0.2330084853209 -0.581118600203958 -0.0237400126024491 0.77938734276808
1461244124.57782 -5.3171577200547 -4.6425851614883 4.95886769274895 0.227826902784041 -0.56610849584627 -0.0130546045785944 0.792114670106419
1461244124.65683 -5.37195885537251 -4.68887194000034 4.98572313444072 0.22186962010691 -0.537753702714352 0.00606914682216922 0.813362153254915
1461244124.73618 -5.42277412442396 -4.73635762075026 5.01343428915125 0.220911398834703 -0.511681406361355 0.00969230854973659 0.830232709186971
1461244124.8177 -5.46982002814551 -4.78041197801491 5.04327575588495 0.215610284958176 -0.489597556787874 0.0175979202190997 0.844687368563992
1461244124.89615 -5.51984580959918 -4.8142497588985 5.07739467015999 0.195056452367436 -0.47685899732348 0.0150830733942179 0.856931139566337
1461244124.97615 -5.5656793823278 -4.84751647762058 5.11785476635439 0.176334347276026 -0.460686646349415 0.0137794024544149 0.869760967113417
1461244125.05623 -5.60554948123741 -4.88208837098104 5.16350447527042 0.172852824823576 -0.44423318609542 0.0302684600277783 0.878557111205395
1461244125.1361 -5.64128770432579 -4.90783812091082 5.21440181620753 0.159237571827215 -0.431386948054362 0.0335888062155605 0.887367166884109
1461244125.218 -5.6673082008003 -4.93568868157649 5.26951409161446 0.157048005858956 -0.405595223670444 0.0373551335163175 0.899684962857236
1461244125.29621 -5.68935147879645 -4.96631493469902 5.32486186338683 0.155472621067051 -0.386181676267131 0.0497192095239121 0.907865616277193
1461244125.37608 -5.70647064141865 -4.99502197826495 5.38045892387954 0.150946449581355 -0.368064881763728 0.0529524671872368 0.915936377915967
1461244125.45648 -5.71738852731462 -5.02498345926011 5.43782071393361 0.138570238267308 -0.346659475657794 0.064059300174431 0.925484685483432
1461244125.53601 -5.72150211201666 -5.05900235150865 5.48770306032584 0.140735120070403 -0.331033597827208 0.0740164852675816 0.930124692176795
1461244125.62207 -5.71660942284276 -5.08837722498605 5.53484745465408 0.139283522570352 -0.306065956319937 0.0815124575273699 0.938232087486996
1461244125.69612 -5.7077944223593 -5.11283955170473 5.57784636590832 0.132514440595195 -0.285958178280419 0.0939334706926943 0.944375108943428
1461244125.7761 -5.69099455543791 -5.13421220784049 5.61837569265928 0.129029549311388 -0.25963835269344 0.11095173282264 0.950594032276024
1461244125.8563 -5.67143073885326 -5.14993047209035 5.65486933644721 0.121909519513469 -0.23210076132752 0.11836661932344 0.957735166459455
1461244125.97605 -5.64042012672818 -5.16326320052403 5.69988305148312 0.114324014535542 -0.196432274031819 0.130996894596602 0.964978857294403
1461244126.09611 -5.61016686370185 -5.16013857207826 5.73253651711332 0.104698874121602 -0.163081017862577 0.130881228478428 0.972271994558391
1461244126.25685 -5.57520085834177 -5.1300793706882 5.7588305695912 0.0873295805880994 -0.128869718035951 0.1269915762773 0.979611800501733
1461244126.37621 -5.54315261517264 -5.09298110024454 5.7609902980511 0.0803696963303525 -0.109327469905818 0.124254517912001 0.982928802617064
1461244126.49767 -5.49795563718332 -5.04471002961491 5.75050942808485 0.0629210886970796 -0.0811135282764784 0.1181692451582 0.987672800894333
1461244126.61628 -5.45048553668658 -5.0001431609786 5.7299498261708 0.0635139889017498 -0.0699417476330299 0.109826670866392 0.989450467440504
1461244126.73608 -5.39657235696264 -4.94833769171053 5.70562317010987 0.0632680681313445 -0.06505620484947 0.108409157390742 0.989955704241024
1461244126.85604 -5.32905045114998 -4.88646185896894 5.67218162257124 0.0572899361287134 -0.0519327708873866 0.099041145849505 0.992074443756689
1461244126.97636 -5.25397720326687 -4.82030997298172 5.63280819498371 0.057068361715407 -0.0360570630239841 0.104339783297973 0.992248104013576
1461244127.09605 -5.18766168209384 -4.74999489510515 5.59316491962094 0.0407816485142246 -0.0354864540830524 0.100250977043301 0.993492481261402
1461244127.22126 -5.12971939321331 -4.68869191164152 5.56054705091457 0.0438609765111382 -0.0398058272135604 0.109081480923933 0.992266567701833
1461244127.33607 -5.0764485693318 -4.62327761116587 5.53690277334156 0.026849579132993 -0.0338776289124778 0.10400002043116 0.993637460097982
1461244127.45622 -5.03004897180781 -4.56040968458123 5.52372341440342 0.0081817551066278 -0.0370190156646502 0.0963437731185034 0.994625823485338
1461244127.57628 -4.98074591486187 -4.50633704756389 5.52238392315666 0.000425566942807474 -0.0363379990152921 0.0902799579017518 0.995253182824149
1461244127.69601 -4.9250472104107 -4.45270623354689 5.52833250230226 -0.0112597469461504 -0.0311812470949774 0.0823155803715296 0.99605476413519
1461244127.77608 -4.88270062146347 -4.41644795172366 5.53381394405724 -0.0345623455042177 -0.0187097553035001 0.0784169738141535 0.996145655789133
1461244127.85581 -4.84090310512222 -4.39041437470686 5.53742831775824 -0.042454433801311 -0.0078651163501123 0.0798700070682064 0.995869741967459
1461244127.93605 -4.80136476843314 -4.3719007018141 5.54033286112052 -0.040386814824147 -0.00530152068009761 0.0860262926292089 0.995459831456454
1461244128.01813 -4.75836711862661 -4.35463115879233 5.54443674055649 -0.0385834599296716 0.0025305047163575 0.0921675514034233 0.994992490240019
1461244128.09599 -4.71324249731966 -4.33662833749908 5.54867839968653 -0.0384637235988442 0.0171295799049256 0.103277240822913 0.993761002951514
1461244128.1759 -4.66903056444082 -4.31586924018626 5.5556322385075 -0.0398886669209049 0.0344152753739268 0.116210563056232 0.991826390103814
1461244128.25615 -4.62718090637958 -4.29024519717354 5.56677876713367 -0.0486976166509243 0.0461703008382327 0.120355988464651 0.990460136246645
1461244128.33597 -4.58833583180492 -4.26322205002518 5.58015735824568 -0.0617509567863836 0.0531801983373142 0.12606921723161 0.988668416764377
1461244128.41808 -4.5502820443131 -4.2388338780658 5.59588748021648 -0.0657029939102579 0.057632007227506 0.135544271094758 0.986909022609252
1461244128.49592 -4.5104211808474 -4.21493495690328 5.61332920835162 -0.0700468806893393 0.0637696199237507 0.142111090163814 0.98530772255825
1461244128.57589 -4.467256709133 -4.19131545515454 5.63442185441907 -0.0754713317066112 0.0667700544603654 0.149050458275982 0.983681756873385
1461244128.65597 -4.41829709825367 -4.16818366303589 5.65542616124893 -0.0838145034604033 0.0758330485214152 0.151830062426249 0.98192265983899
1461244128.73601 -4.36769892624708 -4.14661984342517 5.67503354354631 -0.0967550404006161 0.0877660935403039 0.149726268666845 0.980060008087695
1461244128.81846 -4.315109449042 -4.12848325338414 5.69295158089657 -0.103941439514189 0.106705683687712 0.161201578545923 0.975614742249603
1461244128.89615 -4.25959763630052 -4.11349770999815 5.7095640450994 -0.114959196294679 0.139607708477573 0.162942989097059 0.969919405530706
1461244128.97586 -4.20903829010965 -4.09868142285792 5.72832967048573 -0.122344917789645 0.167995810439978 0.170178943768532 0.963248802679498
1461244129.05619 -4.16835888955929 -4.08254691824649 5.75232625759715 -0.133784226524147 0.184766755149119 0.17580835006192 0.957629600092597
1461244129.13586 -4.13259487846261 -4.06260607258395 5.78291267365732 -0.147401957092525 0.192935955487962 0.183766793795536 0.952511493696191
1461244129.25621 -4.07855280184375 -4.03008310298956 5.83922307023301 -0.161744048614246 0.218316584300726 0.204695609490431 0.940359739255397
1461244129.33597 -4.04042099670677 -4.01098973856428 5.88409148795488 -0.173258366522312 0.239400912308399 0.211868886059134 0.931547270263827
1461244129.45594 -3.98510031855854 -3.99016113207291 5.94960151027659 -0.181996240026652 0.265928450177878 0.234259104491673 0.917214315176618
1461244129.53591 -3.94651007842876 -3.98132917770818 5.99011753064407 -0.189990771693479 0.287887701129564 0.251076824230406 0.904425014329008
1461244129.65611 -3.89033037468474 -3.96950535371672 6.04613600524729 -0.209496057566641 0.313985704166483 0.263897239727155 0.887627526785589
1461244129.73597 -3.84717069841568 -3.96125746005939 6.08151641768553 -0.212142449948272 0.336347674080406 0.272684583044156 0.876075876417494
1461244129.85612 -3.77671802316847 -3.9448504642109 6.13418686010013 -0.205216595863241 0.372480191185784 0.28040820836721 0.86053233096543
1461244129.93597 -3.72958247003412 -3.92402502062232 6.16559825109181 -0.214285487918888 0.397736023720794 0.282528174597094 0.846206603413711
1461244130.01878 -3.68115078664533 -3.90260016319928 6.19629604803381 -0.219834113154097 0.417992651457742 0.289659598070256 0.832497701658603
1461244130.09579 -3.6305280168639 -3.88341812228596 6.2226545214968 -0.223081184871185 0.442969953575127 0.296900516188208 0.816003975893068
1461244130.17584 -3.58144601094216 -3.86635905715153 6.24570568779927 -0.231949891911005 0.463536646506634 0.311034906497368 0.796611769890472
1461244130.25582 -3.53085187734997 -3.85132446229456 6.26436942301537 -0.244919023524557 0.485241801982447 0.313322517738578 0.77870666197392
1461244130.33611 -3.47882498596971 -3.83755321491373 6.2823847062498 -0.24827192722792 0.513522427850547 0.320671439361395 0.756191506314972
1461244130.41995 -3.42581287808195 -3.82310651359363 6.29578275408276 -0.25038015685253 0.545533138421613 0.324510675632064 0.731024071655092
1461244130.49591 -3.37408644070032 -3.8050488188985 6.30711032160953 -0.264771080961657 0.578001001383327 0.321330994299549 0.701824414785301
1461244130.57606 -3.32287480921035 -3.78315704253841 6.32099012444436 -0.272106941973453 0.60582955603385 0.321805464942832 0.674810791184175
1461244130.6558 -3.27001630410688 -3.76179200492723 6.33529770783625 -0.26701312760169 0.637431359357334 0.324208122922157 0.64596775834984
1461244130.73587 -3.22161032330449 -3.73925561830925 6.35007349047269 -0.27070594713709 0.657169532699975 0.331216093132324 0.620598416953885
1461244130.81776 -3.17542220441824 -3.71891970189567 6.36486866082577 -0.289222536555391 0.664299872375292 0.334265023746899 0.602762720985731
1461244130.8958 -3.12718746659362 -3.70118436881802 6.37331032788725 -0.292704137845243 0.677615081997156 0.338587998006459 0.583541134749076
1461244130.97628 -3.08059656790742 -3.68162393834512 6.37857698317948 -0.287141290618001 0.692520072825116 0.348693984685452 0.562475184342125
1461244131.05579 -3.0334625039952 -3.66235157685476 6.38172311677386 -0.290171464535953 0.703521922193788 0.345439977756723 0.549116242638344
1461244131.13614 -2.98716807815264 -3.63813070601468 6.38409187278647 -0.289429664827678 0.713849470686319 0.342455454814572 0.537934627800019
1461244131.21829 -2.94122417162455 -3.61294111595604 6.3857662211034 -0.293678933615958 0.716649351879356 0.336164529951514 0.535872931956421
1461244131.29561 -2.89822371798687 -3.58763662790155 6.38899488238625 -0.295910966507215 0.717808134227132 0.332958016233145 0.53509545107786
1461244131.41789 -2.83479222529086 -3.55547107785289 6.39381899129515 -0.297614523600157 0.714773421321436 0.329803691185554 0.540142644858823
1461244131.57566 -2.75577251848644 -3.52068586170709 6.40089543979759 -0.303643398562665 0.701850213849141 0.322960299435337 0.557587310488562
1461244131.73632 -2.68582605145733 -3.48704554832979 6.42018094684875 -0.303499806708773 0.690917589367919 0.322257623210791 0.571551201829103
1461244131.89757 -2.62148504284794 -3.44474146747331 6.44012871451151 -0.307291169545389 0.672912076189771 0.326388263876437 0.588414969253098
1461244132.13572 -2.52423131516859 -3.39334837033016 6.44756597469961 -0.30977235980316 0.669281815905898 0.301618674247803 0.604259142541246
1461244132.33575 -2.44944704106743 -3.36726424766075 6.46070788474861 -0.30974874690197 0.659533963568358 0.279251628223236 0.625371244004026
1461244132.49572 -2.40030366088842 -3.34752440480324 6.47909886440815 -0.302439218536146 0.640626023316517 0.273038074676638 0.650829491585766
1461244132.65576 -2.35252326283445 -3.32248760303665 6.50070168139696 -0.299028232818224 0.616312571422553 0.266685805259162 0.677952514234885
1461244132.77562 -2.31331652933946 -3.30195477816442 6.52085809937017 -0.287376378429674 0.589602421415106 0.265368147887753 0.706656598263055
1461244132.89574 -2.27045354297441 -3.28833506274321 6.53838204544037 -0.275662685148743 0.562455618916034 0.252290625856901 0.737565726475343
1461244133.05576 -2.21706463376818 -3.27518410688383 6.56374348427228 -0.263863096087939 0.519349066436253 0.246573236099006 0.774502713329232
1461244133.21878 -2.15725665077354 -3.27087983872168 6.6142030012478 -0.262377643526276 0.467424198485863 0.216210471141961 0.816042660046654
1461244133.33564 -2.1055683862125 -3.26573535957616 6.66554973998529 -0.256426924064341 0.430041426310741 0.177747825359362 0.847180804109455
1461244133.49716 -2.02743829665224 -3.24708499991873 6.74486766600882 -0.233903949530777 0.406328161750041 0.162781874889622 0.868152307242316
1461244133.69562 -1.90235719145886 -3.23038713207109 6.83592606917564 -0.217196292747064 0.431489527431585 0.179335426897841 0.857018881234928
1461244133.8556 -1.79699154009317 -3.21767105368067 6.90164671879053 -0.190758678567878 0.469253192293977 0.213506626196413 0.835360693738444
1461244133.97563 -1.71520124539672 -3.19666270443573 6.95921964460302 -0.185779636708707 0.504025479706338 0.22853311069445 0.811921707868127
1461244134.09561 -1.63303979942542 -3.17074803485981 7.02976584182056 -0.182276274725774 0.518053519170041 0.242114477872684 0.799860294396508
1461244134.21669 -1.54632496846858 -3.15214971558839 7.1024190258741 -0.174844667000908 0.521045093432946 0.249144640899209 0.797413506872061
1461244134.37562 -1.43863500868537 -3.13541230200201 7.17581960080219 -0.189662225448501 0.52645734011604 0.241433234691996 0.792830941917649
1461244134.49553 -1.36012162401917 -3.11757717651561 7.23301510476079 -0.204847410120184 0.527157931584418 0.244006153479248 0.787783631969434
1461244134.61756 -1.27317725870638 -3.0882364280533 7.28779076107865 -0.207034192967418 0.552186611265443 0.250494870224675 0.767775428932601
1461244134.69553 -1.21195661562939 -3.06709043341425 7.32175992645882 -0.211023946604056 0.576743153702465 0.245595912987586 0.75001258398828
1461244134.77558 -1.15017970588417 -3.04701463910862 7.35361835424005 -0.215469123613128 0.595877660587079 0.246838279428681 0.733194199507436
1461244134.85556 -1.08998597594371 -3.02864962172669 7.37987571274566 -0.23162311261313 0.618764265720098 0.249318050638102 0.708040978190733
1461244134.97563 -1.00016392451245 -2.998037378367 7.4019887382121 -0.242746451081342 0.647782844037384 0.263287116115165 0.672407199504892
1461244135.09564 -0.910866652134088 -2.95806985934818 7.42101687045141 -0.259457281584456 0.666999960357291 0.268654849909843 0.644684064900084
1461244135.17547 -0.852167969665963 -2.92321630355775 7.42776129795063 -0.267261103209177 0.684634956224803 0.265275814515525 0.6240794994707
1461244135.25555 -0.793630711677471 -2.88446883605758 7.43137486896351 -0.274326045523591 0.704678986318882 0.264145638605861 0.598665038726568
1461244135.33545 -0.734122178597378 -2.85086789130076 7.42418615635593 -0.278177013690305 0.724229816182823 0.259972965637709 0.574911105775208
1461244135.41916 -0.675370058548637 -2.81992622241814 7.41586772589358 -0.273808185479113 0.737494164995792 0.274118306374798 0.553164160328566
1461244135.49553 -0.614993359839255 -2.79329525269607 7.40148436212114 -0.280320164005484 0.75025022512533 0.275194365705277 0.531801905257401
1461244135.65554 -0.500749165283898 -2.73457284171866 7.36948452858304 -0.286560427119503 0.76670323417619 0.284197909425055 0.499280302626977
1461244135.77544 -0.424355909835334 -2.67344691133172 7.33220121592532 -0.298160630606607 0.78197360676725 0.290434134647048 0.463967164902334
1461244135.89557 -0.350032609855694 -2.61431263215624 7.28573634322299 -0.311357267798134 0.802640056791271 0.276927209130909 0.426775013170116
1461244136.01843 -0.273047274780376 -2.56209268846948 7.22871475087647 -0.317671228287107 0.819744144263653 0.276874387476932 0.387872533473673
1461244136.09837 -0.228576193174237 -2.54192737481598 7.17663684767906 -0.318301403805014 0.846814413789369 0.262360610845603 0.335792309040941
1461244136.17725 -0.181401706308475 -2.52330459169429 7.12583137021578 -0.307906825675398 0.863384199189746 0.257353864580224 0.305826911303773
1461244136.2955 -0.117162049925271 -2.4850617335554 7.0479219219312 -0.316529620616239 0.873739873294698 0.239721932629192 0.280928866626464
1461244136.37591 -0.090873615121307 -2.4534021909272 6.98905616896482 -0.319212183518158 0.887706452792235 0.223505638702272 0.245206168423404
1461244136.49545 -0.065830045780781 -2.40093616593698 6.89921202659086 -0.328374810524683 0.897195571820667 0.219658666956839 0.197383281331045
1461244136.61745 -0.0439821681683195 -2.34790401483212 6.80673174119131 -0.332459386204089 0.897018692819634 0.240633389536838 0.164084713172704
1461244136.69551 -0.0355337998458127 -2.32057269703793 6.73981570792229 -0.337546247968665 0.899094798308522 0.243415980176421 0.135792984839376
1461244136.77546 -0.0323747569125867 -2.29452225801978 6.67476417187013 -0.336414893829868 0.900460633969946 0.255223123888718 0.104196079160231
1461244136.85547 -0.0302138211154745 -2.26445582551091 6.60901875196086 -0.339428632219092 0.898752375984379 0.26546074604463 0.0810121139197016
1461244136.93553 -0.0347102186448665 -2.23655780453863 6.53742865986174 -0.347351716543806 0.899238296509089 0.261507970678058 0.048278901989865
1461244137.01813 -0.043617099870069 -2.20964806790759 6.46432530674613 -0.347772388753378 0.902914041081029 0.252234386055388 0.0133571902268502
1461244137.09551 -0.0519610489437295 -2.18690505445203 6.39152966055535 -0.352221148583651 0.903349775733223 0.243821911233573 -0.0212207628410813
1461244137.17539 -0.0621015406034076 -2.17036795158855 6.31944232417568 -0.353274291301748 0.902214803121352 0.241728028792896 -0.0526619808766099
1461244137.25578 -0.0750167644873581 -2.157809895717 6.24582331166166 -0.352435920552871 0.899891537003279 0.240509706030667 -0.0902176525906558
1461244137.41538 -0.103148040099654 -2.13395782310809 6.09445955048679 -0.364453010361287 0.893700356828799 0.238520280226797 -0.107618545628546
1461244137.53543 -0.146251187498913 -2.117784012916 5.98478568144279 -0.362380886461724 0.895792180465853 0.217690426785802 -0.137285616978848
1461244137.65548 -0.193690210263597 -2.10413561842864 5.87792471698295 -0.371897922191763 0.891294311107896 0.21289190544666 -0.148200617581174
1461244137.77542 -0.240483435988078 -2.09615433744788 5.77498064583289 -0.362299148083355 0.890869274548094 0.22812485744397 -0.151823293273455
1461244137.85537 -0.269638885528671 -2.09575059361848 5.70598854547269 -0.363436163597374 0.889941771842099 0.227619502247474 -0.155264805789275
1461244137.93537 -0.29725268170461 -2.08963383499861 5.63842060008677 -0.366467316916521 0.887177808886705 0.239767480822228 -0.145357477245423
1461244138.01732 -0.329743315426323 -2.08016929187875 5.57002529301844 -0.371862944620554 0.885024886122199 0.242626388276973 -0.139933330819325
1461244138.09539 -0.365647045377034 -2.06773388239169 5.49941729194952 -0.375347334997742 0.884864763763355 0.240151641482079 -0.135852556301225
1461244138.17527 -0.404223492334798 -2.05353317285279 5.42582477154144 -0.384315504549401 0.883634843135537 0.234224161698726 -0.128957741281024
1461244138.25821 -0.443268967028478 -2.03962611474324 5.35038498201803 -0.391827076140714 0.879189593326803 0.24109058715516 -0.123986007976907
1461244138.33541 -0.4801115602698 -2.03425068031014 5.2759646374457 -0.396152233861696 0.873799162194701 0.251246342521435 -0.128115990898206
1461244138.41614 -0.513207152285756 -2.03683492115976 5.20028530930441 -0.399175190923465 0.873731575068582 0.242108262246592 -0.136513336459576
1461244138.49538 -0.540956022305343 -2.03620214930495 5.12319734864363 -0.39781162312532 0.875816585025117 0.243153480517097 -0.124770216052402
1461244138.57758 -0.57038412755273 -2.03598075694876 5.04581131833037 -0.411627825845826 0.872314899946567 0.23804792564978 -0.113852682948127
1461244138.65537 -0.606648640850491 -2.03044161136481 4.96707436250759 -0.41111974806739 0.875858945841425 0.228543349496876 -0.107794235185853
1461244138.73531 -0.644660908207685 -2.02844867944637 4.8863872880773 -0.410209624698354 0.880981046770325 0.210838824210159 -0.105581481529556
1461244138.81788 -0.678958281061467 -2.02762194808623 4.80656081527569 -0.41560997950532 0.881217905873998 0.202098788314601 -0.099395307054218
1461244138.89533 -0.708378131227416 -2.02499659069998 4.7271473433976 -0.41471069097574 0.883196640402816 0.202702876272612 -0.0830077172461327
1461244138.97523 -0.737616751187826 -2.02362925516559 4.65133350882417 -0.41045717378572 0.885022888397006 0.204535329206156 -0.080154192702494
1461244139.05539 -0.762629701366948 -2.01602466513473 4.5784180578898 -0.40897076404015 0.884270855309017 0.212139009887985 -0.0761906102825054
1461244139.13653 -0.781135033956708 -1.99823085551473 4.50308509228773 -0.406096767556512 0.885303257285891 0.218314454816189 -0.0605174093749337
1461244139.21884 -0.798507107768898 -1.97579097805414 4.42535979996109 -0.406369993191842 0.886467284523215 0.216863507854726 -0.0448263434181674
1461244139.29534 -0.818453727989018 -1.95075701042496 4.3458540370765 -0.407277358460364 0.88683277234441 0.215385053653103 -0.0355255660662264
1461244139.41746 -0.85049134109332 -1.91544324078934 4.22233685962626 -0.412546904995879 0.884072075041208 0.217557419548754 -0.0298393449985323
1461244139.49543 -0.868688423610726 -1.89875164650686 4.13788091464906 -0.425414343606072 0.875348867518854 0.227868172799831 -0.0293784310769353
1461244139.61533 -0.888895671383965 -1.87499722025962 4.00818118559106 -0.420830091703625 0.872811336741276 0.246858395821409 -0.0127803280515763
1461244139.77536 -0.918398850436636 -1.86072525946961 3.84299522770307 -0.419640233828734 0.878619326178508 0.227009242863121 -0.0199237916196357
1461244139.89529 -0.940005411756143 -1.84791723441012 3.73067180568319 -0.421270699367054 0.882949642371655 0.205324152950935 -0.02780142272514
1461244140.05528 -0.957601881511395 -1.81927927033428 3.60192183542444 -0.420987909301442 0.880861527680698 0.215301445116531 -0.0223032958273356
1461244140.21774 -0.973480961102211 -1.7921137367822 3.47700737560965 -0.404580805256045 0.886067450648004 0.225155281899152 -0.0224486960296384
1461244140.37519 -0.992663903601632 -1.76994478286855 3.34741354147598 -0.412640302883422 0.884139603130201 0.216870153030319 -0.031503640069908
1461244140.49587 -1.00062349335066 -1.75388197321508 3.23798210255783 -0.422140469971386 0.882477267131435 0.200801847093039 -0.0520568421304554
1461244140.57511 -1.00363675091736 -1.74598949294445 3.16224889535848 -0.420776197588597 0.884045951504852 0.191835303904246 -0.067892292248306
1461244140.65594 -1.00608148976089 -1.74272831473277 3.08484214433121 -0.416167782499758 0.885837338106554 0.187123657377335 -0.0841506035347301
1461244140.7352 -1.01222341342015 -1.74672510039142 3.00680584083868 -0.401394363113527 0.893107226240992 0.170679715646383 -0.11004763679279
1461244140.81744 -1.02779266403776 -1.75731241929511 2.93581631947761 -0.384648338351051 0.89852677805366 0.153157641380367 -0.145732706730808
1461244140.9352 -1.05277712205426 -1.77368436195404 2.83369978900661 -0.365308592036998 0.907176234399861 0.119416506213129 -0.171232620630197
1461244141.05537 -1.08122348270216 -1.77448752454519 2.74200830501337 -0.374963685202785 0.903215928201039 0.112255909323033 -0.176073372902153
1461244141.21794 -1.12529803301505 -1.7663380729611 2.63959783365109 -0.385989335885128 0.895316312971624 0.117594052857456 -0.188659934915746
1461244141.33525 -1.16876150661971 -1.77053032595632 2.57436336750209 -0.386762168894674 0.888753526118413 0.118154593480131 -0.215804741754023
1461244141.49516 -1.22751826363335 -1.77554131629916 2.49252007159566 -0.394354421625196 0.882185628804116 0.123432315644903 -0.22582641548473
1461244141.65519 -1.29343786136853 -1.78253663121123 2.42389606808713 -0.414004514715613 0.871161385916831 0.121451615482922 -0.234366393877503
1461244141.77533 -1.35639837838717 -1.79664680565183 2.38345151385543 -0.432839482366901 0.85329499447152 0.11379241893693 -0.267561059025196
1461244141.89514 -1.42611252299437 -1.80705927306144 2.34610300107939 -0.439517382530448 0.838964876380907 0.127088735512066 -0.294636827227516
1461244142.0152 -1.49968305091591 -1.81081784740872 2.31234246504501 -0.429247622893949 0.838646249897847 0.144074424658902 -0.302756512615961
1461244142.13518 -1.57862055047416 -1.80860668319218 2.28669872844802 -0.401976572313991 0.847615643073263 0.148974328266959 -0.312680678081653
1461244142.25553 -1.65931669163492 -1.80907251736259 2.26175425975684 -0.393686876764969 0.844711395793175 0.163798545183432 -0.32348622455366
1461244142.33514 -1.71067659714726 -1.81478703016239 2.23870170091226 -0.390806365744369 0.843324653250865 0.175580241054643 -0.324415617170597
1461244142.41637 -1.75734465324949 -1.82934197833057 2.21611509934917 -0.399316539121938 0.841159120827088 0.174989126878562 -0.319963186175154
1461244142.49514 -1.80270908366432 -1.84013355857905 2.19264547580987 -0.401363698386527 0.842576259686131 0.182894574671943 -0.309066340429345
1461244142.57575 -1.84701028316925 -1.84637671009502 2.17117181796128 -0.393034916544785 0.84790058790694 0.189761088694133 -0.300963247957814
1461244142.65549 -1.89007613984135 -1.84802596307019 2.15286702664722 -0.376490779933226 0.854581991043734 0.196916262022262 -0.298610614279162
1461244142.77498 -1.9532877864018 -1.84475479407893 2.12131438979682 -0.359803049579054 0.857454424787035 0.208984426724398 -0.302719646394849
1461244142.85515 -1.99133380713437 -1.83408014605885 2.09107876906518 -0.35764698246432 0.861573615627724 0.213059525325131 -0.290491272599656
1461244142.93509 -2.02893499880206 -1.81557473467413 2.05697965264065 -0.350593139968796 0.8653577139258 0.230392812479123 -0.27415256539725
1461244143.01705 -2.06812531248451 -1.80112856931223 2.01862995672399 -0.354922388764733 0.862284293924671 0.242134851626541 -0.268079480811493
1461244143.09517 -2.1061108817241 -1.79135003478139 1.97636772369669 -0.355273420496711 0.862979595104413 0.242976471661547 -0.26459298807961
1461244143.17484 -2.14366877064201 -1.78321521090026 1.93327609243298 -0.346686677478195 0.864099832819316 0.249442277335486 -0.266305044748398
1461244143.25513 -2.17668834221795 -1.77957515954086 1.88603536634848 -0.348666944294289 0.86150935763326 0.256854320059305 -0.265063854445836
1461244143.33506 -2.20417555366963 -1.77648192748251 1.83316164917118 -0.346606398482739 0.864552954418782 0.259881373060763 -0.254703485395531
1461244143.42084 -2.23159392821327 -1.77836405285096 1.78647627825269 -0.346919318478006 0.865575667866468 0.25928952496553 -0.251385544348562
1461244143.49502 -2.25875160350165 -1.77500347381439 1.73814572524192 -0.341739408855417 0.867239634571051 0.263293065915825 -0.248568610457685
1461244143.57497 -2.28545068175833 -1.76848089017642 1.6878138606445 -0.344090356705879 0.867835670713514 0.266940986586738 -0.239176890061197
1461244143.65605 -2.31182273862339 -1.75904203181219 1.63595124996045 -0.350599605324489 0.868275155563841 0.26845588741585 -0.226074340624205
1461244143.73679 -2.33729036679078 -1.74603573153313 1.57910654545346 -0.359086723090446 0.868642639365897 0.270777176411136 -0.207837463202441
1461244143.82126 -2.36306352662944 -1.73111487533492 1.52605010677306 -0.365719543102657 0.867943312219961 0.277085102516015 -0.190124876144907
1461244143.89646 -2.38628049489389 -1.71485130452468 1.46804372581964 -0.369608203127275 0.868154315119522 0.283737743356353 -0.1708530196263
1461244143.97617 -2.40284175092991 -1.69866700049513 1.41080842251489 -0.382162171786649 0.862060625113119 0.297347521502465 -0.149626216089397
1461244144.05497 -2.40997689032306 -1.68323788094304 1.35095473974966 -0.399420597962925 0.854139711057404 0.306978517709068 -0.129122924311905
1461244144.13745 -2.40427678292211 -1.67050909917283 1.29444890246606 -0.415179273155276 0.85129828518738 0.305421613474912 -0.0981582334889204
1461244144.21797 -2.39391435880134 -1.65455704018025 1.24117816548345 -0.415802400213208 0.854770255483972 0.301690290955322 -0.0738860112612301
1461244144.29488 -2.37871949761575 -1.63381822400071 1.18951190315602 -0.411636482690271 0.85984461372219 0.298560460928788 -0.045654107606108
1461244144.37778 -2.35478015051 -1.60627047363393 1.13703911273416 -0.41685043462299 0.859075102812221 0.297028064725931 0.000107925736527038
1461244144.45611 -2.32236445352595 -1.57289231257514 1.08823680392135 -0.430898385563716 0.85179988370846 0.292871293549074 0.0546803881453807
1461244144.53495 -2.28450086748015 -1.53374175868424 1.03884235909176 -0.435650946008995 0.845615776402447 0.286953003586599 0.113137905555052
1461244144.61772 -2.24606921178068 -1.49966675588243 0.994656448968454 -0.433500042219293 0.84334745344133 0.273322770411409 0.161670805479925
1461244144.69505 -2.2081159155583 -1.47180650322575 0.955435694284648 -0.417733505239667 0.847918842580538 0.256578126226117 0.201742459931857
1461244144.81728 -2.15276370016285 -1.43501903649068 0.912086918485637 -0.397243800945137 0.838872768712268 0.261893877392291 0.264388799891572
1461244144.9352 -2.10263940910115 -1.40801724783637 0.886397429137179 -0.395057500052802 0.816103112249914 0.264693600456054 0.328393939812607
1461244145.05493 -2.05519055197509 -1.38203009301428 0.866332557350054 -0.392347149917291 0.789645888277032 0.269074620594864 0.387455718283633
1461244145.17485 -2.00936747644311 -1.34785536074499 0.839150491582072 -0.388664512731729 0.766921446919075 0.269348337836449 0.433846590056096
1461244145.29517 -1.96028293687676 -1.31035681579569 0.810105996495872 -0.367609457016953 0.751500977351006 0.271180445909546 0.475994468359123
1461244145.45531 -1.89937270402126 -1.27324445290811 0.762167723112174 -0.330379865583288 0.744868219562277 0.263351258182679 0.516397709829249
1461244145.57486 -1.84942668696332 -1.25091805511235 0.736093692907351 -0.311161839384714 0.720003009551495 0.265547625217361 0.560587579856111
1461244145.69491 -1.80003430036832 -1.22201887357617 0.71364553913729 -0.30891341030738 0.688959820350825 0.268987849473465 0.597956861077841
1461244145.81493 -1.74564684959086 -1.18245850587053 0.694018774666302 -0.301431395887232 0.659318891298419 0.262978232599428 0.636616181328577
1461244145.93489 -1.67987031413829 -1.12853020646545 0.676752346629532 -0.293553331575012 0.634710102888413 0.250915854482498 0.669336059675489
1461244146.05495 -1.6069597102543 -1.07846779380149 0.65427985418063 -0.282592194418411 0.623661308888053 0.232152622103978 0.690864229425779
1461244146.17524 -1.52692060681142 -1.04160917739248 0.634599817643551 -0.259970566087838 0.606943425158795 0.218727044422523 0.718466048928318
1461244146.25493 -1.47756473749211 -1.02116627096481 0.621680141538706 -0.261222417865015 0.584217212088304 0.211279975803602 0.738792169239059
1461244146.37488 -1.40856346454914 -0.987916157951872 0.601678597389096 -0.25914280985655 0.564047643110629 0.221164734789859 0.752184432494004
1461244146.49484 -1.34048694513301 -0.945233499043092 0.583619045951337 -0.2564033942133 0.537334531831661 0.217200367789104 0.773532740463794
1461244146.57476 -1.29408116769273 -0.913411195341827 0.572039518012004 -0.24919082834445 0.520917306752802 0.211264242362473 0.788616833762394
1461244146.65487 -1.24326339667698 -0.878034224182371 0.55575901665615 -0.234867743873314 0.509520369708062 0.206058114919458 0.801727004045802
1461244146.73644 -1.19470675563407 -0.849894121766546 0.541169850843118 -0.223475012247434 0.49490971368149 0.196029232268159 0.816514442187688
1461244146.81694 -1.14695440131007 -0.825978181677652 0.526284976462142 -0.209363365660811 0.473413499769385 0.189392769823533 0.834372229939282
1461244146.89491 -1.10288405256352 -0.805355476362443 0.509825565813711 -0.203437318908753 0.445905932848259 0.185723036435862 0.851638485545942
1461244146.975 -1.05878501868608 -0.786096136043505 0.491810387778792 -0.202896067970233 0.430225047988543 0.178232026384287 0.86137851056108
1461244147.05501 -1.01629145731096 -0.765287057378157 0.476033030347506 -0.197620974830025 0.415141072399341 0.173964027701133 0.870827398156692
1461244147.13559 -0.973626769156223 -0.736126625631089 0.464124762027471 -0.193557312339215 0.398487238676374 0.172616763237446 0.879742542168745
1461244147.21677 -0.93215407382494 -0.706161547908437 0.457821613132334 -0.188667669242014 0.386151408279952 0.160400782435817 0.888573682628612
1461244147.29488 -0.8903949235361 -0.670188744849351 0.454735058135082 -0.182227527279513 0.372560607750026 0.152151687237329 0.89712963719039
1461244147.37496 -0.847614034039904 -0.632333125142307 0.45300308071059 -0.180178379809104 0.365593107594575 0.149963407981802 0.900771007190613
1461244147.45488 -0.806313433798749 -0.604490336757271 0.453490396620351 -0.165693413504879 0.356831080572936 0.140298990552727 0.908588722089449
1461244147.53476 -0.772358129864033 -0.582104464763702 0.458155464285942 -0.153613934779933 0.334118577736619 0.141058487169571 0.919168122951464
1461244147.65486 -0.733105503057575 -0.559557698816151 0.457191812283644 -0.154898508526915 0.2933233446506 0.118361703255904 0.935926479346259
1461244147.77487 -0.706629670426203 -0.556596513006705 0.449986511903792 -0.139491554486603 0.261917101955714 0.108270611471356 0.948798720815775
1461244147.89482 -0.690650569022397 -0.580116413089926 0.439978032801411 -0.105430275835127 0.224579688479389 0.0788834471816546 0.965518421481729
1461244147.9747 -0.690053854896679 -0.60370761829042 0.430514309105312 -0.0741886993184792 0.195283125943768 0.064989151420491 0.975775049800264
1461244148.05484 -0.698858234048277 -0.632511581522715 0.41686485936003 -0.0371416464178175 0.160476999471967 0.0491756655565351 0.98511389425737
1461244148.13482 -0.713591853145763 -0.66366422102516 0.393636324805403 -0.00271310473812651 0.124704806854432 0.0367570284744314 0.991509087738387
1461244148.21758 -0.733422694380082 -0.699201735073072 0.36248754274775 0.037173690117422 0.0901282215117064 0.0225295054737146 0.994981126370395
1461244148.29472 -0.7589465121749 -0.731530119038968 0.325866019862929 0.0657782975035046 0.0527609648465853 0.0169691546535311 0.996293904405895
1461244148.41736 -0.799815453967996 -0.769078739332461 0.265376802009688 0.0935995248133386 0.0211658635738834 0.0198849649968899 0.995186275699661
1461244148.53469 -0.851483643459409 -0.793005161064198 0.201569821760089 0.107291457059976 -0.00653071139729966 0.0200379267223334 0.994004212537987
1461244148.65475 -0.915186288660489 -0.810857661446758 0.127458887687107 0.127956854550831 -0.0208313235225092 0.0131349279229096 0.991473939648551
1461244148.77578 -0.994300721414999 -0.826685198309156 0.04346204764038 0.145980065871761 -0.0374405366149885 0.0179863719879869 0.988415154178025
1461244148.89575 -1.08197722835619 -0.841073986409273 -0.0492486000538966 0.158691945916087 -0.0646165727452662 0.0201465412815156 0.985005422169042
1461244149.01687 -1.16853170391711 -0.856195179659131 -0.145351073688689 0.160418773170804 -0.0888040008468335 0.0199394364455573 0.98284387647388
1461244149.13473 -1.25537896654426 -0.872990518049086 -0.247592139743648 0.178759868368229 -0.124740637806845 0.0121435090363274 0.975877665452386
1461244149.25473 -1.34352303935752 -0.879516783038458 -0.356009657768012 0.19491046230125 -0.156954991276492 -0.00999896879071431 0.968129672627604
1461244149.37468 -1.43127675296019 -0.868751751658127 -0.470411276736959 0.20276835970611 -0.202396126510822 -0.0258290781515853 0.957733605444305
1461244149.49474 -1.51912831659618 -0.848329960404014 -0.58447136914943 0.193923903673693 -0.240765367590313 -0.0446307448507025 0.949965080393553
1461244149.61721 -1.60197438715913 -0.823687247934075 -0.7064126471057 0.189591421929044 -0.272195207022459 -0.0574583133117287 0.941628060455026
1461244149.73505 -1.69071225660276 -0.815075255290703 -0.815193191232024 0.1994503210868 -0.303397134462448 -0.0663836910237311 0.929388483780821
1461244149.85463 -1.78451523248842 -0.811769054309054 -0.92428468318397 0.211658595354829 -0.325561844617755 -0.0604719084279381 0.91953970693635
1461244149.97464 -1.88586150637526 -0.809350029543027 -1.02557396074917 0.210200594391405 -0.33151543798635 -0.0667381933633661 0.917310873172674
1461244150.09445 -1.98978353595775 -0.808006238747432 -1.13937387480257 0.200060862157312 -0.343489463561119 -0.0725404023273429 0.914728664624409
1461244150.2171 -2.07796702658141 -0.815661768972248 -1.24527432981029 0.200801049633834 -0.360207853115769 -0.0758175065934069 0.907844120272659
1461244150.33463 -2.15955475033817 -0.825645855078836 -1.35714225195984 0.202800545795848 -0.372943400410566 -0.0611023673126254 0.903355776770096
1461244150.45465 -2.23645557699071 -0.833170484730005 -1.47400468479131 0.208777538019727 -0.398415438036743 -0.0498624441172854 0.891734722335663
1461244150.57704 -2.30144491822741 -0.840595510585799 -1.57081142131164 0.215459642124552 -0.417139343879519 -0.0528127349491972 0.881352781484526
1461244150.73461 -2.3635640891211 -0.864857502934052 -1.68668844833994 0.211054306884548 -0.430156394693236 -0.0266785848795931 0.877331071351529
1461244150.89465 -2.40411170119294 -0.914428953169752 -1.79611198696438 0.235572059097246 -0.4525590070013 -0.0333220300798168 0.859410142170804
1461244151.13466 -2.40578401103396 -0.99596580243804 -1.85678393703256 0.257521436941109 -0.464613035849007 0.0110718116216822 0.847168726655068
1461244151.37444 -2.35399282913397 -1.04458910312322 -1.81104003507327 0.258945278411185 -0.442903541751319 0.0546658375166546 0.856618609242931
1461244151.53451 -2.27314106990373 -1.04688519152223 -1.73009227796907 0.260389596289313 -0.404437331146402 0.0777978368936169 0.873255518101167
1461244151.69458 -2.17927541860481 -1.01535812471056 -1.62315445404025 0.260071663761294 -0.384110829986447 0.0880294701054739 0.881517108392404
1461244151.81458 -2.10620859130429 -0.970573845623404 -1.52458480376507 0.241147654075003 -0.373883310931137 0.101776195879773 0.889775637278036
1461244151.89532 -2.05720830703032 -0.934658968162461 -1.44837932349913 0.216580820528379 -0.361698324440726 0.107116060926901 0.900440569814316
1461244151.97441 -2.00630850738185 -0.895618218265555 -1.36415062554514 0.186096685724363 -0.337522778649326 0.0867144278591952 0.918654998057649
1461244152.09447 -1.92148657329793 -0.846618785207932 -1.23721236361989 0.165430944152471 -0.306943684842676 0.107964848849235 0.931000412709352
1461244152.17445 -1.86109660655542 -0.817439618387452 -1.15238859276734 0.161738147658309 -0.276625037730449 0.0894081811376655 0.943040580907493
1461244152.25449 -1.79761572814963 -0.790824954324979 -1.07141367670287 0.157752968008141 -0.245197771604338 0.0762585437677593 0.953507571227051
1461244152.37445 -1.70465395258049 -0.760925792158562 -0.961121231991792 0.146466328234369 -0.222413633087162 0.0743409345552204 0.961016761539552
1461244152.49443 -1.61314715249469 -0.73865240316407 -0.853243785492474 0.117209074498949 -0.200498680362628 0.0549216544641017 0.971105516356936
1461244152.65447 -1.50651409404598 -0.718361282435202 -0.706240463193301 0.109508671461463 -0.202516867691532 0.0604672783171359 0.971256133791738
1461244152.77444 -1.43260634137759 -0.698921025390817 -0.596913012139116 0.105442503617104 -0.207173359085318 0.0430029694337357 0.971654168074292
1461244153.01794 -1.28729042685593 -0.674920722360156 -0.413447534140118 0.125886006047633 -0.215356508307568 0.0308600652633399 0.967895626698917
1461244153.13455 -1.22791962690305 -0.662294486884838 -0.321983257794572 0.10892875760274 -0.231179258987603 0.0200515875236751 0.966586059189169
1461244153.25449 -1.16636151246784 -0.648756690814166 -0.218694765597428 0.096498059096777 -0.232396276032142 0.0178062158277427 0.967658531794581
1461244153.37641 -1.09981295651041 -0.63427380085958 -0.109987558197335 0.106111046748437 -0.220489784903345 0.0258869217267817 0.969254645485251
1461244153.57435 -0.977580821932934 -0.608976428187071 0.0565741981994228 0.106593354739875 -0.182641958141037 0.021594886600415 0.977145553499796
1461244153.65431 -0.923593655030587 -0.602168040802507 0.111739572547733 0.0999133190169154 -0.158955160325786 0.0269269798101799 0.981848014433563
1461244153.8944 -0.783219297533602 -0.569781875553469 0.237380514812444 0.100348521781915 -0.164738696723311 0.033752789559678 0.980638610893447
1461244154.01459 -0.71552681531768 -0.535144073147057 0.289112704357773 0.0992807860170379 -0.171103097708785 0.0336260107846637 0.979661342955313
1461244154.25429 -0.595402029249118 -0.453872181463679 0.368786066402941 0.0820809577650687 -0.175680280914887 0.0642541722674055 0.978912946393226
1461244154.41612 -0.533423841654284 -0.427827898509446 0.4037223946267 0.0707967903023723 -0.163947009799208 0.0641184632298645 0.981834005896018
